1742211277497 0.0 49
1742211286875 0.0 99
1742211296307 0.0 149
1742211305702 0.0 199
1742211315112 0.0 249
1742211324515 0.0 299
1742211333919 0.0 349
1742211343370 0.0 399
1742211352815 0.0 449
1742211362251 0.0 499
1742211371695 0.0 549
1742211381110 0.0 599
1742211390565 0.0 649
1742211399980 0.0 699
1742211648051 0.0 749
1742211657468 0.0 799
1742211666876 0.0 849
1742211676293 0.0 899
1742211685736 0.0 949
1742211695182 0.0 999
1742211704624 0.0 1049
1742211714115 0.0 1099
1742211736169 0.0 1111
1742211737662 0.0 1111
