1742211277497 0.6136363744735718 49
1742211286875 0.6410714387893677 99
1742211296307 0.7501894235610962 149
1742211305702 0.7886160612106323 199
1742211315112 0.8169868588447571 249
1742211324515 0.7360615134239197 299
1742211333919 0.7083333730697632 349
1742211343370 0.7535713911056519 399
1742211352815 0.8500000238418579 449
1742211362251 0.8383499383926392 499
1742211371695 0.8766025304794312 549
1742211381110 0.7297163009643555 599
1742211390565 0.8294872045516968 649
1742211399980 0.8295454382896423 699
1742211648051 0.9263888597488403 749
1742211657468 0.8247596025466919 799
1742211666876 0.8611263632774353 849
1742211676293 0.7520833611488342 899
1742211685736 0.9437500238418579 949
1742211695182 0.909375011920929 999
1742211704624 0.9147727489471436 1049
1742211714115 0.8416666984558105 1099
