1742211277497 1.061153769493103 49
1742211286875 0.747139573097229 99
1742211296307 0.44670766592025757 149
1742211305702 0.5163065791130066 199
1742211315112 0.5478586554527283 249
1742211324515 0.5834875106811523 299
1742211333919 0.6813951730728149 349
1742211343370 0.3526512086391449 399
1742211352815 0.3605556786060333 449
1742211362251 0.6097807884216309 499
1742211371695 0.42438459396362305 549
1742211381110 0.4990937411785126 599
1742211390565 0.3567453622817993 649
1742211399980 0.3164207935333252 699
1742211648051 0.31109896302223206 749
1742211657468 0.2342720627784729 799
1742211666876 0.31645578145980835 849
1742211676293 0.5085935592651367 899
1742211685736 0.2054157853126526 949
1742211695182 0.1835218369960785 999
1742211704624 0.13762204349040985 1049
1742211714115 0.2918720543384552 1099
