1742233580331 0.0 49
1742233589598 0.0 99
1742233598917 0.0 149
1742233608284 0.0 199
1742233617642 0.0 249
1742233627026 0.0 299
1742233636431 0.0 349
1742233700749 0.0 390
1742233702259 0.0 390
1742233704562 1.0 399
1742233713911 1.0 449
1742233723253 1.0 499
1742233732631 1.0 549
1742233741988 1.0 599
1742233751380 1.0 649
1742233760773 1.0 699
1742233770167 1.0 749
1742233827977 1.0 781
1742233829544 1.0 781
1742233833624 2.0 799
1742233843042 2.0 849
1742233852467 2.0 899
1742233861956 2.0 949
1742233871365 2.0 999
1742233880742 2.0 1049
1742233890142 2.0 1099
1742233899543 2.0 1149
1742233953892 2.0 1172
1742233954599 2.0 1172
1742233960337 3.0 1199
1742233969730 3.0 1249
1742233979135 3.0 1299
1742233988582 3.0 1349
1742233997999 3.0 1399
1742234007391 3.0 1449
1742234016841 3.0 1499
1742234026231 3.0 1549
1742234078655 3.0 1563
1742234080228 3.0 1563
1742234087583 4.0 1599
1742234096929 4.0 1649
1742234106276 4.0 1699
1742234115634 4.0 1749
1742234124992 4.0 1799
1742234134346 4.0 1849
1742234143749 4.0 1899
1742234153063 4.0 1949
1742234205806 4.0 1954
1742234207405 4.0 1954
1742234216412 5.0 1999
1742234225768 5.0 2049
1742234235137 5.0 2099
1742234244468 5.0 2149
1742234253832 5.0 2199
1742234263216 5.0 2249
1742234272596 5.0 2299
1742234330786 5.0 2345
1742234331553 5.0 2345
1742234332908 6.0 2349
1742234342238 6.0 2399
1742234351536 6.0 2449
1742234360854 6.0 2499
1742234370181 6.0 2549
1742234379500 6.0 2599
1742234388836 6.0 2649
1742234398147 6.0 2699
1742234454456 6.0 2736
1742234455233 6.0 2736
1742234458317 7.0 2749
1742234467630 7.0 2799
1742234476953 7.0 2849
1742234486262 7.0 2899
1742234495583 7.0 2949
1742234504917 7.0 2999
1742234514367 7.0 3049
1742234523734 7.0 3099
1742234579791 7.0 3127
1742234580566 7.0 3127
1742234585176 8.0 3149
1742234594515 8.0 3199
1742234603851 8.0 3249
1742234613186 8.0 3299
1742234622565 8.0 3349
1742234631913 8.0 3399
1742234641266 8.0 3449
1742234650916 8.0 3499
