1742233580331 0.8294017314910889 49
1742233589598 0.9545454382896423 99
1742233598917 0.987500011920929 149
1742233608284 0.9399999380111694 199
1742233617642 0.9714285731315613 249
1742233627026 1.0 299
1742233636431 0.9644443988800049 349
1742233704562 0.9578296542167664 399
1742233713911 0.9904761910438538 449
1742233723253 0.8778947591781616 499
1742233732631 0.9501879811286926 549
1742233741988 0.9466665983200073 599
1742233751380 0.9800000190734863 649
1742233760773 0.8914141654968262 699
1742233770167 0.9857142567634583 749
1742233833624 0.9489285349845886 799
1742233843042 0.9622806906700134 849
1742233852467 0.9247618913650513 899
1742233861956 1.0 949
1742233871365 0.9491375684738159 999
1742233880742 0.9692307710647583 1049
1742233890142 0.987500011920929 1099
1742233899543 1.0 1149
1742233960337 0.9600000381469727 1199
1742233969730 1.0 1249
1742233979135 1.0 1299
1742233988582 0.9789473414421082 1349
1742233997999 0.9200000166893005 1399
1742234007391 1.0 1449
1742234016841 0.9857142567634583 1499
1742234026231 0.925000011920929 1549
1742234087583 0.9882352948188782 1599
1742234096929 1.0 1649
1742234106276 0.9857142567634583 1699
1742234115634 0.9866666197776794 1749
1742234124992 0.9432353377342224 1799
1742234134346 0.9749999642372131 1849
1742234143749 0.9777777791023254 1899
1742234153063 0.9904761910438538 1949
1742234216412 0.9331002235412598 1999
1742234225768 1.0 2049
1742234235137 0.9789473414421082 2099
1742234244468 0.9714285731315613 2149
1742234253832 0.9666666984558105 2199
1742234263216 0.960765540599823 2249
1742234272596 0.9675324559211731 2299
1742234332908 0.9333333373069763 2349
1742234342238 0.9735043048858643 2399
1742234351536 0.9882352948188782 2449
1742234360854 0.9882352948188782 2499
1742234370181 1.0 2549
1742234379500 0.9846153855323792 2599
1742234388836 1.0 2649
1742234398147 1.0 2699
1742234458317 0.9764705896377563 2749
1742234467630 1.0 2799
1742234476953 1.0 2849
1742234486262 0.9882352948188782 2899
1742234495583 1.0 2949
1742234504917 0.9755555391311646 2999
1742234514367 0.9894736409187317 3049
1742234523734 0.9857142567634583 3099
1742234585176 0.9503029584884644 3149
1742234594515 1.0 3199
1742234603851 0.9866666197776794 3249
1742234613186 0.9675324559211731 3299
1742234622565 0.9818181991577148 3349
1742234631913 0.987500011920929 3399
1742234641266 0.9818181991577148 3449
1742234650916 1.0 3499
