1742233580331 0.37397366762161255 49
1742233589598 0.18790298700332642 99
1742233598917 0.08517765998840332 149
1742233608284 0.10822105407714844 199
1742233617642 0.07476934790611267 249
1742233627026 0.05367960408329964 299
1742233636431 0.09615461528301239 349
1742233704562 0.16709347069263458 399
1742233713911 0.05933382362127304 449
1742233723253 0.28213202953338623 499
1742233732631 0.12645412981510162 549
1742233741988 0.10051823407411575 599
1742233751380 0.05132054537534714 649
1742233760773 0.34481602907180786 699
1742233770167 0.05595773458480835 749
1742233833624 0.09845633059740067 799
1742233843042 0.07262483239173889 849
1742233852467 0.16127918660640717 899
1742233861956 0.036893080919981 949
1742233871365 0.13983404636383057 999
1742233880742 0.05141867697238922 1049
1742233890142 0.05444331094622612 1099
1742233899543 0.05287032946944237 1149
1742233960337 0.057515934109687805 1199
1742233969730 0.031601764261722565 1249
1742233979135 0.020158110186457634 1299
1742233988582 0.14882716536521912 1349
1742233997999 0.08154083043336868 1399
1742234007391 0.010919984430074692 1449
1742234016841 0.04421370103955269 1499
1742234026231 0.15391653776168823 1549
1742234087583 0.03766687959432602 1599
1742234096929 0.004289648961275816 1649
1742234106276 0.10008001327514648 1699
1742234115634 0.03456558659672737 1749
1742234124992 0.1998748779296875 1799
1742234134346 0.07681798934936523 1849
1742234143749 0.040606267750263214 1899
1742234153063 0.03383953496813774 1949
1742234216412 0.14472392201423645 1999
1742234225768 0.014838723465800285 2049
1742234235137 0.03194499760866165 2099
1742234244468 0.027084102854132652 2149
1742234253832 0.1041259765625 2199
1742234263216 0.09488756209611893 2249
1742234272596 0.06758920103311539 2299
1742234332908 0.09895475208759308 2349
1742234342238 0.11265414208173752 2399
1742234351536 0.03283286839723587 2449
1742234360854 0.09374427795410156 2499
1742234370181 0.017209991812705994 2549
1742234379500 0.02607329562306404 2599
1742234388836 0.002072069561108947 2649
1742234398147 0.01104829553514719 2699
1742234458317 0.02730981633067131 2749
1742234467630 0.005307764746248722 2799
1742234476953 0.011037387885153294 2849
1742234486262 0.04195628687739372 2899
1742234495583 0.0014599895803257823 2949
1742234504917 0.11457537114620209 2999
1742234514367 0.04742831364274025 3049
1742234523734 0.03693096712231636 3099
1742234585176 0.07623528689146042 3149
1742234594515 0.0035169748589396477 3199
1742234603851 0.05783474072813988 3249
1742234613186 0.055326007306575775 3299
1742234622565 0.0357993058860302 3349
1742234631913 0.04064008593559265 3399
1742234641266 0.07889056205749512 3449
1742234650916 0.0036059885751456022 3499
