1742203720042 0.0 49
1742203729304 0.0 99
1742203738531 0.0 149
1742203747817 0.0 199
1742203757094 0.0 249
1742203766366 0.0 299
1742203775656 0.0 349
1742203784981 0.0 399
1742203794341 0.0 449
1742203803691 0.0 499
1742203813044 0.0 549
1742203822426 0.0 599
1742203831778 0.0 649
1742203841165 0.0 699
1742203850654 0.0 749
1742203860012 0.0 799
1742203869377 0.0 849
1742203878752 0.0 899
1742203888120 0.0 949
1742203897497 0.0 999
1742203906894 0.0 1049
1742203916294 0.0 1099
1742203936765 0.0 1111
1742203938287 0.0 1111
1742203945937 1.0 1149
1742203955333 1.0 1199
1742203964640 1.0 1249
1742203973929 1.0 1299
1742203983282 1.0 1349
1742203992610 1.0 1399
1742204001948 1.0 1449
1742204011281 1.0 1499
1742204020617 1.0 1549
1742204029960 1.0 1599
1742204039315 1.0 1649
1742204048659 1.0 1699
1742204058122 1.0 1749
1742204067482 1.0 1799
1742204076844 1.0 1849
1742204086209 1.0 1899
1742204095583 1.0 1949
1742204104954 1.0 1999
1742204114319 1.0 2049
1742204123675 1.0 2099
1742204133040 1.0 2149
1742204142417 1.0 2199
1742204166908 1.0 2223
1742204168508 1.0 2223
1742204174023 2.0 2249
1742204183365 2.0 2299
1742204192686 2.0 2349
1742204202021 2.0 2399
1742204211367 2.0 2449
1742204220702 2.0 2499
1742204230039 2.0 2549
1742204239389 2.0 2599
1742204248730 2.0 2649
1742204258299 2.0 2699
1742204267718 2.0 2749
1742204277059 2.0 2799
1742204286407 2.0 2849
1742204295752 2.0 2899
1742204305102 2.0 2949
1742204314470 2.0 2999
1742204323993 2.0 3049
1742204333469 2.0 3099
1742204342822 2.0 3149
1742204352196 2.0 3199
1742204361556 2.0 3249
1742204370897 2.0 3299
1742204396383 2.0 3335
1742204397967 2.0 3335
1742204401234 3.0 3349
1742204410516 3.0 3399
1742204419777 3.0 3449
1742204429085 3.0 3499
1742204438378 3.0 3549
1742204447691 3.0 3599
1742204457001 3.0 3649
1742204466307 3.0 3699
1742204475635 3.0 3749
1742204484945 3.0 3799
1742204494265 3.0 3849
1742204503640 3.0 3899
1742204513106 3.0 3949
1742204522442 3.0 3999
1742204531807 3.0 4049
1742204541121 3.0 4099
1742204550478 3.0 4149
1742204559812 3.0 4199
1742204569124 3.0 4249
1742204578475 3.0 4299
1742204587828 3.0 4349
1742204597141 3.0 4399
1742204625114 3.0 4447
1742204626691 3.0 4447
1742204627670 4.0 4449
1742204637018 4.0 4499
1742204646323 4.0 4549
1742204655602 4.0 4599
1742204664897 4.0 4649
1742204674194 4.0 4699
1742204683493 4.0 4749
1742204692798 4.0 4799
1742204702110 4.0 4849
1742204711410 4.0 4899
1742204720694 4.0 4949
1742204730011 4.0 4999
1742204739346 4.0 5049
1742204748675 4.0 5099
1742204758026 4.0 5149
1742204767348 4.0 5199
1742204776683 4.0 5249
1742204786086 4.0 5299
1742204795403 4.0 5349
1742204804741 4.0 5399
1742204814110 4.0 5449
1742204823457 4.0 5499
1742204832814 4.0 5549
1742204854163 4.0 5559
1742204854937 4.0 5559
1742204863175 5.0 5599
1742204872519 5.0 5649
1742204881852 5.0 5699
1742204891160 5.0 5749
1742204900685 5.0 5799
1742204910070 5.0 5849
1742204919489 5.0 5899
1742204928909 5.0 5949
1742204938280 5.0 5999
1742204947623 5.0 6049
1742204956979 5.0 6099
1742204966536 5.0 6149
1742204976191 5.0 6199
1742204985557 5.0 6249
1742204994934 5.0 6299
1742205004348 5.0 6349
1742205013789 5.0 6399
1742205023184 5.0 6449
1742205032576 5.0 6499
1742205041965 5.0 6549
1742205051329 5.0 6599
1742205060691 5.0 6649
1742205084899 5.0 6671
1742205085631 5.0 6671
1742205091586 6.0 6699
1742205100952 6.0 6749
1742205110299 6.0 6799
1742205119838 6.0 6849
1742205129169 6.0 6899
1742205138514 6.0 6949
1742205147904 6.0 6999
1742205157254 6.0 7049
1742205166642 6.0 7099
1742205175989 6.0 7149
1742205185344 6.0 7199
1742205194715 6.0 7249
1742205204094 6.0 7299
1742205213459 6.0 7349
1742205222847 6.0 7399
1742205232233 6.0 7449
1742205241626 6.0 7499
1742205251007 6.0 7549
1742205260393 6.0 7599
1742205269766 6.0 7649
1742205279136 6.0 7699
1742205288535 6.0 7749
1742205313773 6.0 7783
1742205314526 6.0 7783
1742205318111 7.0 7799
1742205327464 7.0 7849
1742205336771 7.0 7899
1742205346062 7.0 7949
1742205355405 7.0 7999
1742205364765 7.0 8049
1742205374109 7.0 8099
1742205383409 7.0 8149
1742205392714 7.0 8199
1742205402010 7.0 8249
1742205411324 7.0 8299
1742205420638 7.0 8349
1742205429987 7.0 8399
1742205439341 7.0 8449
1742205448702 7.0 8499
1742205458028 7.0 8549
1742205467385 7.0 8599
1742205476768 7.0 8649
1742205486134 7.0 8699
1742205495496 7.0 8749
1742205504919 7.0 8799
1742205514265 7.0 8849
1742205544229 7.0 8895
1742205545829 7.0 8895
1742205547174 8.0 8899
1742205556762 8.0 8949
1742205566283 8.0 8999
1742205575683 8.0 9049
1742205585017 8.0 9099
1742205594323 8.0 9149
1742205603649 8.0 9199
1742205613013 8.0 9249
1742205622334 8.0 9299
1742205631683 8.0 9349
1742205641026 8.0 9399
1742205650367 8.0 9449
1742205659726 8.0 9499
1742205669116 8.0 9549
1742205678487 8.0 9599
1742205687897 8.0 9649
1742205697328 8.0 9699
1742205706709 8.0 9749
1742205716094 8.0 9799
1742205725513 8.0 9849
1742205734880 8.0 9899
1742205744304 8.0 9949
1742205753715 8.0 9999
1742205776564 8.0 10007
1742205777396 8.0 10007
1742205785868 9.0 10049
1742205795219 9.0 10099
1742205804565 9.0 10149
1742205813872 9.0 10199
1742205823203 9.0 10249
1742205832570 9.0 10299
1742205841891 9.0 10349
1742205851255 9.0 10399
1742205860587 9.0 10449
1742205869947 9.0 10499
1742205879292 9.0 10549
1742205888611 9.0 10599
1742205897979 9.0 10649
1742205907328 9.0 10699
1742205916694 9.0 10749
1742205926048 9.0 10799
1742205935416 9.0 10849
1742205944792 9.0 10899
1742205954160 9.0 10949
1742205963521 9.0 10999
1742205972901 9.0 11049
1742205982256 9.0 11099
1742206007100 9.0 11119
1742206007825 9.0 11119
1742206054867 10.0 11120
