1742203720042 0.24172978103160858 49
1742203729304 0.2793988287448883 99
1742203738531 0.1701035052537918 149
1742203747817 0.09973064064979553 199
1742203757094 0.09225642681121826 249
1742203766366 0.10763168334960938 299
1742203775656 0.17764683067798615 349
1742203784981 0.06696135550737381 399
1742203794341 0.11124193668365479 449
1742203803691 0.03173934668302536 499
1742203813044 0.20890703797340393 549
1742203822426 0.07158708572387695 599
1742203831778 0.036533720791339874 649
1742203841165 0.1071334034204483 699
1742203850654 0.04169216752052307 749
1742203860012 0.05372893810272217 799
1742203869377 0.14951397478580475 849
1742203878752 0.02326224558055401 899
1742203888120 0.01359894871711731 949
1742203897497 0.2145417481660843 999
1742203906894 0.04429616034030914 1049
1742203916294 0.011432774364948273 1099
1742203945937 0.2904932498931885 1149
1742203955333 0.13621823489665985 1199
1742203964640 0.17611069977283478 1249
1742203973929 0.029108505696058273 1299
1742203983282 0.11353041976690292 1349
1742203992610 0.14823946356773376 1399
1742204001948 0.26924341917037964 1449
1742204011281 0.06057383865118027 1499
1742204020617 0.03922583535313606 1549
1742204029960 0.026024723425507545 1599
1742204039315 0.008621366694569588 1649
1742204048659 0.1674674153327942 1699
1742204058122 0.03408486768603325 1749
1742204067482 0.05754014477133751 1799
1742204076844 0.02044794335961342 1849
1742204086209 0.0981510579586029 1899
1742204095583 0.0600309781730175 1949
1742204104954 0.07445653527975082 1999
1742204114319 0.15947739779949188 2049
1742204123675 0.03500811383128166 2099
1742204133040 0.04450911283493042 2149
1742204142417 0.007057724054902792 2199
1742204174023 0.19987478852272034 2249
1742204183365 0.09621508419513702 2299
1742204192686 0.0474216490983963 2349
1742204202021 0.009633688256144524 2399
1742204211367 0.13125741481781006 2449
1742204220702 0.04951610043644905 2499
1742204230039 0.033238980919122696 2549
1742204239389 0.0937938541173935 2599
1742204248730 0.10230344533920288 2649
1742204258299 0.03276929631829262 2699
1742204267718 0.013566344045102596 2749
1742204277059 0.1008775383234024 2799
1742204286407 0.00828608125448227 2849
1742204295752 0.07053745537996292 2899
1742204305102 0.10061103850603104 2949
1742204314470 0.04926997423171997 2999
1742204323993 0.010937565937638283 3049
1742204333469 0.1966000646352768 3099
1742204342822 0.14035789668560028 3149
1742204352196 0.05645403638482094 3199
1742204361556 0.020031144842505455 3249
1742204370897 0.031130332499742508 3299
1742204401234 0.7413888573646545 3349
1742204410516 0.05999402329325676 3399
1742204419777 0.09785841405391693 3449
1742204429085 0.01665351539850235 3499
1742204438378 0.038280192762613297 3549
1742204447691 0.06788842380046844 3599
1742204457001 0.00813442561775446 3649
1742204466307 0.0711316168308258 3699
1742204475635 0.08654177933931351 3749
1742204484945 0.07170487195253372 3799
1742204494265 0.009609589353203773 3849
1742204503640 0.01109254825860262 3899
1742204513106 0.010138626210391521 3949
1742204522442 0.08078128099441528 3999
1742204531807 0.06342823803424835 4049
1742204541121 0.018924269825220108 4099
1742204550478 0.004223549738526344 4149
1742204559812 0.10107292234897614 4199
1742204569124 0.09639385342597961 4249
1742204578475 0.06079806014895439 4299
1742204587828 0.07557858526706696 4349
1742204597141 0.17660151422023773 4399
1742204627670 0.11474434286355972 4449
1742204637018 0.11900416016578674 4499
1742204646323 0.010900473222136497 4549
1742204655602 0.005224231164902449 4599
1742204664897 0.08345764875411987 4649
1742204674194 0.06127487123012543 4699
1742204683493 0.07134246826171875 4749
1742204692798 0.023208394646644592 4799
1742204702110 0.05992964282631874 4849
1742204711410 0.019818633794784546 4899
1742204720694 0.004242400638759136 4949
1742204730011 0.0407228097319603 4999
1742204739346 0.0996537059545517 5049
1742204748675 0.024149825796484947 5099
1742204758026 0.056620627641677856 5149
1742204767348 0.10227444767951965 5199
1742204776683 0.006271698046475649 5249
1742204786086 0.005791427567601204 5299
1742204795403 0.013235555961728096 5349
1742204804741 0.019886359572410583 5399
1742204814110 0.0937781035900116 5449
1742204823457 0.012663951143622398 5499
1742204832814 0.033121827989816666 5549
1742204863175 0.0285047460347414 5599
1742204872519 0.02035480923950672 5649
1742204881852 0.1622399389743805 5699
1742204891160 0.057281166315078735 5749
1742204900685 0.11132136732339859 5799
1742204910070 0.0043765828013420105 5849
1742204919489 0.14601045846939087 5899
1742204928909 0.006550538819283247 5949
1742204938280 0.00045221688924357295 5999
1742204947623 0.12579409778118134 6049
1742204956979 0.06637044996023178 6099
1742204966536 0.04829515516757965 6149
1742204976191 0.014909968711435795 6199
1742204985557 0.05390941724181175 6249
1742204994934 0.09504880011081696 6299
1742205004348 0.003987262491136789 6349
1742205013789 0.052233368158340454 6399
1742205023184 0.18772047758102417 6449
1742205032576 0.004736094735562801 6499
1742205041965 0.0522359237074852 6549
1742205051329 0.06700130552053452 6599
1742205060691 0.01341469120234251 6649
1742205091586 0.18054035305976868 6699
1742205100952 0.014039434492588043 6749
1742205110299 0.011740533635020256 6799
1742205119838 0.0847589373588562 6849
1742205129169 0.0020049905870109797 6899
1742205138514 0.17074795067310333 6949
1742205147904 0.007754780352115631 6999
1742205157254 0.0009009054629132152 7049
1742205166642 0.003246437758207321 7099
1742205175989 0.004337811376899481 7149
1742205185344 0.06007600575685501 7199
1742205194715 0.014264706522226334 7249
1742205204094 0.0796569213271141 7299
1742205213459 0.07578140497207642 7349
1742205222847 0.04363114386796951 7399
1742205232233 0.013459984213113785 7449
1742205241626 0.0047262366861104965 7499
1742205251007 0.013974908739328384 7549
1742205260393 0.008044281974434853 7599
1742205269766 0.11842232942581177 7649
1742205279136 0.06948840618133545 7699
1742205288535 0.03587190806865692 7749
1742205318111 0.0265948623418808 7799
1742205327464 0.013632292859256268 7849
1742205336771 0.0060938275419175625 7899
1742205346062 0.07266215234994888 7949
1742205355405 0.0008077449165284634 7999
1742205364765 0.03932889178395271 8049
1742205374109 0.05595410615205765 8099
1742205383409 0.018481001257896423 8149
1742205392714 0.0037971753627061844 8199
1742205402010 0.012504762038588524 8249
1742205411324 0.006799280643463135 8299
1742205420638 0.02080443687736988 8349
1742205429987 0.0033032044302672148 8399
1742205439341 0.007661743089556694 8449
1742205448702 0.013854454271495342 8499
1742205458028 0.002664955798536539 8549
1742205467385 0.004219819325953722 8599
1742205476768 0.006970478221774101 8649
1742205486134 0.011088170111179352 8699
1742205495496 0.059879105538129807 8749
1742205504919 0.0087757408618927 8799
1742205514265 0.01829831674695015 8849
1742205547174 0.11351727694272995 8899
1742205556762 0.012693746015429497 8949
1742205566283 0.10456112772226334 8999
1742205575683 0.012684226036071777 9049
1742205585017 0.0036148722283542156 9099
1742205594323 0.053433895111083984 9149
1742205603649 0.03680901601910591 9199
1742205613013 0.0037343818694353104 9249
1742205622334 0.11685600876808167 9299
1742205631683 0.010313360951840878 9349
1742205641026 0.1550382822751999 9399
1742205650367 0.0379130020737648 9449
1742205659726 0.00851711817085743 9499
1742205669116 0.0014908453449606895 9549
1742205678487 0.010494586080312729 9599
1742205687897 0.012437870725989342 9649
1742205697328 0.006119039840996265 9699
1742205706709 0.02825872227549553 9749
1742205716094 0.03807009384036064 9799
1742205725513 0.02506309002637863 9849
1742205734880 0.09556294977664948 9899
1742205744304 0.018055837601423264 9949
1742205753715 0.012094341218471527 9999
1742205785868 0.045542631298303604 10049
1742205795219 0.005138064734637737 10099
1742205804565 0.009556890465319157 10149
1742205813872 0.0070478045381605625 10199
1742205823203 0.0195867121219635 10249
1742205832570 0.010670843534171581 10299
1742205841891 0.027394119650125504 10349
1742205851255 0.0035878850612789392 10399
1742205860587 0.005525523331016302 10449
1742205869947 0.00539424829185009 10499
1742205879292 0.07631943374872208 10549
1742205888611 0.000667996471747756 10599
1742205897979 0.0588039830327034 10649
1742205907328 0.002699896926060319 10699
1742205916694 0.000509590026922524 10749
1742205926048 0.034126896411180496 10799
1742205935416 0.13002656400203705 10849
1742205944792 0.03141270950436592 10899
1742205954160 0.021676937118172646 10949
1742205963521 0.006744136568158865 10999
1742205972901 0.010876797139644623 11049
1742205982256 0.05093756690621376 11099
