1742203720042 0.9375 49
1742203729304 0.9375 99
1742203738531 0.9375 149
1742203747817 0.96875 199
1742203757094 0.96875 249
1742203766366 0.96875 299
1742203775656 0.921875 349
1742203784981 0.96875 399
1742203794341 0.953125 449
1742203803691 1.0 499
1742203813044 0.9375 549
1742203822426 0.96875 599
1742203831778 0.984375 649
1742203841165 0.953125 699
1742203850654 1.0 749
1742203860012 0.984375 799
1742203869377 0.96875 849
1742203878752 1.0 899
1742203888120 1.0 949
1742203897497 0.9375 999
1742203906894 1.0 1049
1742203916294 1.0 1099
1742203945937 0.890625 1149
1742203955333 0.96875 1199
1742203964640 0.984375 1249
1742203973929 0.984375 1299
1742203983282 0.96875 1349
1742203992610 0.9375 1399
1742204001948 0.890625 1449
1742204011281 0.984375 1499
1742204020617 1.0 1549
1742204029960 0.984375 1599
1742204039315 1.0 1649
1742204048659 0.96875 1699
1742204058122 1.0 1749
1742204067482 0.984375 1799
1742204076844 1.0 1849
1742204086209 0.953125 1899
1742204095583 0.96875 1949
1742204104954 0.96875 1999
1742204114319 0.9375 2049
1742204123675 0.984375 2099
1742204133040 0.984375 2149
1742204142417 1.0 2199
1742204174023 0.984375 2249
1742204183365 0.9375 2299
1742204192686 0.984375 2349
1742204202021 1.0 2399
1742204211367 0.96875 2449
1742204220702 0.984375 2499
1742204230039 0.984375 2549
1742204239389 0.953125 2599
1742204248730 0.984375 2649
1742204258299 0.984375 2699
1742204267718 1.0 2749
1742204277059 0.984375 2799
1742204286407 1.0 2849
1742204295752 0.96875 2899
1742204305102 0.96875 2949
1742204314470 0.96875 2999
1742204323993 1.0 3049
1742204333469 0.953125 3099
1742204342822 0.984375 3149
1742204352196 0.96875 3199
1742204361556 1.0 3249
1742204370897 0.984375 3299
1742204401234 0.921875 3349
1742204410516 0.984375 3399
1742204419777 0.9375 3449
1742204429085 1.0 3499
1742204438378 0.984375 3549
1742204447691 0.96875 3599
1742204457001 1.0 3649
1742204466307 0.96875 3699
1742204475635 0.96875 3749
1742204484945 0.984375 3799
1742204494265 1.0 3849
1742204503640 1.0 3899
1742204513106 1.0 3949
1742204522442 0.96875 3999
1742204531807 0.96875 4049
1742204541121 0.984375 4099
1742204550478 1.0 4149
1742204559812 0.96875 4199
1742204569124 0.984375 4249
1742204578475 0.96875 4299
1742204587828 0.96875 4349
1742204597141 0.953125 4399
1742204627670 0.953125 4449
1742204637018 0.953125 4499
1742204646323 1.0 4549
1742204655602 1.0 4599
1742204664897 0.96875 4649
1742204674194 0.984375 4699
1742204683493 0.96875 4749
1742204692798 0.984375 4799
1742204702110 0.96875 4849
1742204711410 0.984375 4899
1742204720694 1.0 4949
1742204730011 0.984375 4999
1742204739346 0.96875 5049
1742204748675 0.984375 5099
1742204758026 0.984375 5149
1742204767348 0.96875 5199
1742204776683 1.0 5249
1742204786086 1.0 5299
1742204795403 1.0 5349
1742204804741 0.984375 5399
1742204814110 0.984375 5449
1742204823457 1.0 5499
1742204832814 1.0 5549
1742204863175 0.984375 5599
1742204872519 0.984375 5649
1742204881852 0.96875 5699
1742204891160 0.984375 5749
1742204900685 0.984375 5799
1742204910070 1.0 5849
1742204919489 0.953125 5899
1742204928909 1.0 5949
1742204938280 1.0 5999
1742204947623 0.953125 6049
1742204956979 0.984375 6099
1742204966536 0.984375 6149
1742204976191 1.0 6199
1742204985557 0.96875 6249
1742204994934 0.96875 6299
1742205004348 1.0 6349
1742205013789 0.984375 6399
1742205023184 0.96875 6449
1742205032576 1.0 6499
1742205041965 0.984375 6549
1742205051329 0.953125 6599
1742205060691 1.0 6649
1742205091586 0.9375 6699
1742205100952 1.0 6749
1742205110299 1.0 6799
1742205119838 0.96875 6849
1742205129169 1.0 6899
1742205138514 0.96875 6949
1742205147904 1.0 6999
1742205157254 1.0 7049
1742205166642 1.0 7099
1742205175989 1.0 7149
1742205185344 0.96875 7199
1742205194715 1.0 7249
1742205204094 0.984375 7299
1742205213459 0.96875 7349
1742205222847 0.96875 7399
1742205232233 1.0 7449
1742205241626 1.0 7499
1742205251007 1.0 7549
1742205260393 1.0 7599
1742205269766 0.984375 7649
1742205279136 0.96875 7699
1742205288535 0.984375 7749
1742205318111 0.984375 7799
1742205327464 0.984375 7849
1742205336771 1.0 7899
1742205346062 0.984375 7949
1742205355405 1.0 7999
1742205364765 0.984375 8049
1742205374109 0.984375 8099
1742205383409 0.984375 8149
1742205392714 1.0 8199
1742205402010 1.0 8249
1742205411324 1.0 8299
1742205420638 0.984375 8349
1742205429987 1.0 8399
1742205439341 1.0 8449
1742205448702 1.0 8499
1742205458028 1.0 8549
1742205467385 1.0 8599
1742205476768 1.0 8649
1742205486134 1.0 8699
1742205495496 0.984375 8749
1742205504919 1.0 8799
1742205514265 1.0 8849
1742205547174 0.9375 8899
1742205556762 1.0 8949
1742205566283 0.96875 8999
1742205575683 1.0 9049
1742205585017 1.0 9099
1742205594323 0.984375 9149
1742205603649 0.984375 9199
1742205613013 1.0 9249
1742205622334 0.96875 9299
1742205631683 1.0 9349
1742205641026 0.9375 9399
1742205650367 0.96875 9449
1742205659726 1.0 9499
1742205669116 1.0 9549
1742205678487 1.0 9599
1742205687897 1.0 9649
1742205697328 1.0 9699
1742205706709 0.984375 9749
1742205716094 0.984375 9799
1742205725513 0.984375 9849
1742205734880 0.96875 9899
1742205744304 0.984375 9949
1742205753715 1.0 9999
1742205785868 0.984375 10049
1742205795219 1.0 10099
1742205804565 1.0 10149
1742205813872 1.0 10199
1742205823203 1.0 10249
1742205832570 1.0 10299
1742205841891 0.984375 10349
1742205851255 1.0 10399
1742205860587 1.0 10449
1742205869947 1.0 10499
1742205879292 0.96875 10549
1742205888611 1.0 10599
1742205897979 0.984375 10649
1742205907328 1.0 10699
1742205916694 1.0 10749
1742205926048 0.984375 10799
1742205935416 0.96875 10849
1742205944792 0.984375 10899
1742205954160 1.0 10949
1742205963521 1.0 10999
1742205972901 1.0 11049
1742205982256 0.984375 11099
