1742268181123 0.0 49
1742268190728 0.0 99
1742268200061 0.0 149
1742268209518 0.0 199
1742268218888 0.0 249
1742268228255 0.0 299
1742268237653 0.0 349
1742268247071 0.0 399
1742268256531 0.0 449
1742268266032 0.0 499
1742268275522 0.0 549
1742268284956 0.0 599
1742268294406 0.0 649
1742268303891 0.0 699
1742268313400 0.0 749
1742268322901 0.0 799
1742268333402 0.0 849
1742268343298 0.0 899
1742268352856 0.0 949
1742268362399 0.0 999
1742268372098 0.0 1049
1742268381792 0.0 1099
1742268391518 0.0 1149
1742268401002 0.0 1199
1742268410497 0.0 1249
1742268434081 0.0 1249
1742268435648 0.0 1249
1742268446671 1.0 1299
1742268456151 1.0 1349
1742268465604 1.0 1399
1742268475098 1.0 1449
1742268484663 1.0 1499
