1742268181123 0.5675926208496094 49
1742268190728 0.6697530746459961 99
1742268200061 0.6469496488571167 149
1742268209518 0.6464947462081909 199
1742268218888 0.750420868396759 249
1742268228255 0.8229345083236694 299
1742268237653 0.8811728358268738 349
1742268247071 0.7588624954223633 399
1742268256531 0.75 449
1742268266032 0.7840628623962402 499
1742268275522 0.845704972743988 549
1742268284956 0.8295815587043762 599
1742268294406 0.9167054891586304 649
1742268303891 0.8959876298904419 699
1742268313400 0.8449174165725708 749
1742268322901 0.8849714994430542 799
1742268333402 0.8611111044883728 849
1742268343298 0.9046657085418701 899
1742268352856 0.7037037014961243 949
1742268362399 0.8291666507720947 999
1742268372098 0.9497755765914917 1049
1742268381792 0.9081196188926697 1099
1742268391518 0.8685185313224792 1149
1742268401002 0.8974868059158325 1199
1742268410497 0.8993265628814697 1249
1742268446671 0.9696969985961914 1299
1742268456151 0.9500000476837158 1349
1742268465604 0.9135802388191223 1399
1742268475098 0.9347578287124634 1449
1742268484663 0.8676286935806274 1499
