1742268181123 1.019134283065796 49
1742268190728 0.9586691856384277 99
1742268200061 1.1535537242889404 149
1742268209518 0.8087557554244995 199
1742268218888 0.6123406291007996 249
1742268228255 0.5909364223480225 299
1742268237653 0.5294684171676636 349
1742268247071 0.5066430568695068 399
1742268256531 0.5531570315361023 449
1742268266032 0.6170137524604797 499
1742268275522 0.4588606655597687 549
1742268284956 0.4456738233566284 599
1742268294406 0.26078036427497864 649
1742268303891 0.34413835406303406 699
1742268313400 0.4205569624900818 749
1742268322901 0.3179461658000946 799
1742268333402 0.31845080852508545 849
1742268343298 0.2936631441116333 899
1742268352856 0.7916686534881592 949
1742268362399 0.24246904253959656 999
1742268372098 0.16790154576301575 1049
1742268381792 0.20941360294818878 1099
1742268391518 0.34213489294052124 1149
1742268401002 0.34106001257896423 1199
1742268410497 0.3382698893547058 1249
1742268446671 0.27569806575775146 1299
1742268456151 0.3438042998313904 1349
1742268465604 0.2777206301689148 1399
1742268475098 0.19274985790252686 1449
1742268484663 0.2687310576438904 1499
