1742080718990 0.0 49
1742080728288 0.0 99
1742080737468 0.0 149
1742080746670 0.0 199
1742080755951 0.0 249
1742080765235 0.0 299
1742080774498 0.0 349
1742080783746 0.0 399
1742080793012 0.0 449
1742080802252 0.0 499
1742080811533 0.0 549
1742080820789 0.0 599
1742080830024 0.0 649
1742080839287 0.0 699
1742080848553 0.0 749
1742080857844 0.0 799
1742080867130 0.0 849
1742080876394 0.0 899
1742080885656 0.0 949
1742080894990 0.0 999
1742080904354 0.0 1049
1742080913715 0.0 1099
1742080923064 0.0 1149
1742080932434 0.0 1199
1742080941755 0.0 1249
1742080963673 0.0 1249
1742080975095 1.0 1299
1742080984428 1.0 1349
1742080993728 1.0 1399
1742081003031 1.0 1449
1742081012323 1.0 1499
1742081021615 1.0 1549
1742081030900 1.0 1599
1742081040216 1.0 1649
1742081049483 1.0 1699
1742081058807 1.0 1749
1742081068071 1.0 1799
1742081077374 1.0 1849
1742081086704 1.0 1899
1742081096021 1.0 1949
1742081105338 1.0 1999
1742081114653 1.0 2049
1742081123930 1.0 2099
1742081133223 1.0 2149
1742081142512 1.0 2199
1742081151852 1.0 2249
1742081161134 1.0 2299
1742081170431 1.0 2349
1742081179758 1.0 2399
1742081189103 1.0 2449
1742081198463 1.0 2499
1742081218480 1.0 2499
1742081229984 2.0 2549
1742081239370 2.0 2599
1742081248744 2.0 2649
1742081258080 2.0 2699
1742081267414 2.0 2749
1742081276731 2.0 2799
1742081286035 2.0 2849
1742081295372 2.0 2899
1742081304712 2.0 2949
1742081314030 2.0 2999
1742081323322 2.0 3049
1742081332624 2.0 3099
1742081341894 2.0 3149
1742081351180 2.0 3199
1742081360501 2.0 3249
1742081369803 2.0 3299
1742081379137 2.0 3349
1742081388474 2.0 3399
1742081397789 2.0 3449
1742081407099 2.0 3499
1742081416432 2.0 3549
1742081425753 2.0 3599
1742081435084 2.0 3649
1742081444431 2.0 3699
1742081453716 2.0 3749
1742081475077 2.0 3749
1742081485758 3.0 3799
1742081495065 3.0 3849
1742081504363 3.0 3899
1742081513665 3.0 3949
1742081522921 3.0 3999
1742081532221 3.0 4049
1742081541528 3.0 4099
1742081550848 3.0 4149
1742081560176 3.0 4199
1742081569511 3.0 4249
1742081578842 3.0 4299
1742081588182 3.0 4349
1742081597509 3.0 4399
1742081606861 3.0 4449
1742081616200 3.0 4499
1742081625561 3.0 4549
1742081634916 3.0 4599
1742081644279 3.0 4649
1742081653650 3.0 4699
1742081663015 3.0 4749
1742081672342 3.0 4799
1742081681657 3.0 4849
1742081691010 3.0 4899
1742081700361 3.0 4949
1742081709691 3.0 4999
1742081732470 3.0 4999
1742081743977 4.0 5049
1742081753278 4.0 5099
1742081762577 4.0 5149
1742081771872 4.0 5199
1742081781196 4.0 5249
1742081790499 4.0 5299
1742081799827 4.0 5349
1742081809112 4.0 5399
1742081818414 4.0 5449
1742081827715 4.0 5499
1742081837034 4.0 5549
1742081846354 4.0 5599
1742081855704 4.0 5649
1742081864986 4.0 5699
1742081874308 4.0 5749
1742081883639 4.0 5799
1742081892964 4.0 5849
1742081902298 4.0 5899
1742081911685 4.0 5949
1742081921009 4.0 5999
1742081930294 4.0 6049
1742081939636 4.0 6099
1742081948956 4.0 6149
1742081958323 4.0 6199
1742081967656 4.0 6249
1742081990421 4.0 6249
1742082001252 5.0 6299
1742082010653 5.0 6349
1742082020014 5.0 6399
1742082029397 5.0 6449
1742082038783 5.0 6499
1742082048195 5.0 6549
1742082057576 5.0 6599
1742082066959 5.0 6649
1742082076360 5.0 6699
1742082085764 5.0 6749
1742082095137 5.0 6799
1742082104503 5.0 6849
1742082113912 5.0 6899
1742082123324 5.0 6949
1742082132747 5.0 6999
1742082142126 5.0 7049
1742082151512 5.0 7099
1742082160902 5.0 7149
1742082170276 5.0 7199
1742082179663 5.0 7249
1742082189053 5.0 7299
1742082198478 5.0 7349
1742082207866 5.0 7399
1742082217270 5.0 7449
1742082226660 5.0 7499
1742082247218 5.0 7499
1742082257987 6.0 7549
1742082267298 6.0 7599
1742082276638 6.0 7649
1742082285970 6.0 7699
1742082295318 6.0 7749
1742082304663 6.0 7799
1742082313997 6.0 7849
1742082323353 6.0 7899
1742082332683 6.0 7949
1742082342040 6.0 7999
1742082351380 6.0 8049
1742082360688 6.0 8099
1742082370039 6.0 8149
1742082379409 6.0 8199
1742082388786 6.0 8249
1742088120521 6.0 8299
1742088129797 6.0 8349
1742088139094 6.0 8399
1742088148402 6.0 8449
1742088157758 6.0 8499
1742088167105 6.0 8549
1742088176453 6.0 8599
1742088185837 6.0 8649
1742088195178 6.0 8699
1742088204520 6.0 8749
1742088227643 6.0 8749
1742088238346 7.0 8799
1742088247693 7.0 8849
1742088257026 7.0 8899
1742088266425 7.0 8949
1742088275788 7.0 8999
1742088285165 7.0 9049
1742088294531 7.0 9099
1742088303907 7.0 9149
1742088313263 7.0 9199
1742088322634 7.0 9249
1742088331998 7.0 9299
1742088341396 7.0 9349
1742088350743 7.0 9399
1742088360138 7.0 9449
1742088369496 7.0 9499
1742088378836 7.0 9549
1742088388200 7.0 9599
1742088397592 7.0 9649
1742088406995 7.0 9699
1742088416387 7.0 9749
1742088425767 7.0 9799
1742088435154 7.0 9849
1742088444517 7.0 9899
1742088453945 7.0 9949
1742088463339 7.0 9999
1742088484212 7.0 9999
1742088495766 8.0 10049
1742088505084 8.0 10099
1742088514405 8.0 10149
1742088523730 8.0 10199
1742088533061 8.0 10249
1742088542385 8.0 10299
1742088551731 8.0 10349
1742088561070 8.0 10399
1742088570400 8.0 10449
1742088579765 8.0 10499
1742088589112 8.0 10549
1742088598459 8.0 10599
1742088607819 8.0 10649
1742088617183 8.0 10699
1742088626538 8.0 10749
1742088635873 8.0 10799
1742088645226 8.0 10849
1742088654579 8.0 10899
1742088663934 8.0 10949
1742088673281 8.0 10999
1742088682673 8.0 11049
1742088692036 8.0 11099
1742088701389 8.0 11149
1742088710729 8.0 11199
1742088720086 8.0 11249
1742088741975 8.0 11249
1742088752697 9.0 11299
1742088762015 9.0 11349
1742088771338 9.0 11399
1742088780643 9.0 11449
1742088789945 9.0 11499
1742088799241 9.0 11549
1742088808555 9.0 11599
1742088924398 9.0 11649
1742088933670 9.0 11699
1742088942896 9.0 11749
1742088952182 9.0 11799
1742088961489 9.0 11849
1742088970789 9.0 11899
1742088980095 9.0 11949
1742088989378 9.0 11999
1742088998677 9.0 12049
1742089007989 9.0 12099
1742089017322 9.0 12149
1742089026655 9.0 12199
1742089035977 9.0 12249
1742089045292 9.0 12299
1742089054664 9.0 12349
1742089064026 9.0 12399
1742089073356 9.0 12449
1742089082701 9.0 12499
1742089104527 9.0 12499
1742089132362 10.0 12500
