1742080718990 0.8125 49
1742080728288 0.9375 99
1742080737468 0.921875 149
1742080746670 0.890625 199
1742080755951 0.921875 249
1742080765235 0.9375 299
1742080774498 0.953125 349
1742080783746 0.859375 399
1742080793012 0.96875 449
1742080802252 0.96875 499
1742080811533 0.9375 549
1742080820789 0.890625 599
1742080830024 0.953125 649
1742080839287 0.96875 699
1742080848553 0.953125 749
1742080857844 1.0 799
1742080867130 0.953125 849
1742080876394 0.90625 899
1742080885656 0.9375 949
1742080894990 0.984375 999
1742080904354 0.9375 1049
1742080913715 0.984375 1099
1742080923064 1.0 1149
1742080932434 0.90625 1199
1742080941755 0.984375 1249
1742080975095 0.953125 1299
1742080984428 0.921875 1349
1742080993728 0.984375 1399
1742081003031 1.0 1449
1742081012323 0.984375 1499
1742081021615 0.9375 1549
1742081030900 0.96875 1599
1742081040216 0.96875 1649
1742081049483 0.96875 1699
1742081058807 0.96875 1749
1742081068071 0.984375 1799
1742081077374 0.984375 1849
1742081086704 0.953125 1899
1742081096021 0.96875 1949
1742081105338 0.96875 1999
1742081114653 0.953125 2049
1742081123930 0.9375 2099
1742081133223 0.96875 2149
1742081142512 1.0 2199
1742081151852 0.9375 2249
1742081161134 0.984375 2299
1742081170431 0.9375 2349
1742081179758 0.984375 2399
1742081189103 0.96875 2449
1742081198463 0.96875 2499
1742081229984 1.0 2549
1742081239370 1.0 2599
1742081248744 1.0 2649
1742081258080 0.953125 2699
1742081267414 0.96875 2749
1742081276731 0.921875 2799
1742081286035 0.953125 2849
1742081295372 0.96875 2899
1742081304712 0.984375 2949
1742081314030 0.984375 2999
1742081323322 0.984375 3049
1742081332624 1.0 3099
1742081341894 0.953125 3149
1742081351180 1.0 3199
1742081360501 0.984375 3249
1742081369803 1.0 3299
1742081379137 1.0 3349
1742081388474 0.984375 3399
1742081397789 0.984375 3449
1742081407099 1.0 3499
1742081416432 0.96875 3549
1742081425753 0.953125 3599
1742081435084 1.0 3649
1742081444431 0.984375 3699
1742081453716 1.0 3749
1742081485758 1.0 3799
1742081495065 0.953125 3849
1742081504363 0.984375 3899
1742081513665 0.96875 3949
1742081522921 1.0 3999
1742081532221 0.96875 4049
1742081541528 0.984375 4099
1742081550848 0.96875 4149
1742081560176 0.96875 4199
1742081569511 1.0 4249
1742081578842 0.96875 4299
1742081588182 0.953125 4349
1742081597509 1.0 4399
1742081606861 0.984375 4449
1742081616200 0.984375 4499
1742081625561 0.984375 4549
1742081634916 1.0 4599
1742081644279 0.984375 4649
1742081653650 1.0 4699
1742081663015 1.0 4749
1742081672342 0.984375 4799
1742081681657 0.984375 4849
1742081691010 0.953125 4899
1742081700361 1.0 4949
1742081709691 0.96875 4999
1742081743977 1.0 5049
1742081753278 1.0 5099
1742081762577 0.984375 5149
1742081771872 0.96875 5199
1742081781196 0.96875 5249
1742081790499 0.96875 5299
1742081799827 0.96875 5349
1742081809112 0.96875 5399
1742081818414 1.0 5449
1742081827715 1.0 5499
1742081837034 1.0 5549
1742081846354 1.0 5599
1742081855704 0.96875 5649
1742081864986 0.984375 5699
1742081874308 1.0 5749
1742081883639 1.0 5799
1742081892964 0.953125 5849
1742081902298 1.0 5899
1742081911685 0.984375 5949
1742081921009 1.0 5999
1742081930294 1.0 6049
1742081939636 0.984375 6099
1742081948956 1.0 6149
1742081958323 1.0 6199
1742081967656 1.0 6249
1742082001252 0.984375 6299
1742082010653 0.984375 6349
1742082020014 0.953125 6399
1742082029397 1.0 6449
1742082038783 1.0 6499
1742082048195 0.984375 6549
1742082057576 0.96875 6599
1742082066959 0.984375 6649
1742082076360 0.984375 6699
1742082085764 0.984375 6749
1742082095137 1.0 6799
1742082104503 0.96875 6849
1742082113912 1.0 6899
1742082123324 1.0 6949
1742082132747 1.0 6999
1742082142126 0.984375 7049
1742082151512 0.984375 7099
1742082160902 0.984375 7149
1742082170276 1.0 7199
1742082179663 1.0 7249
1742082189053 1.0 7299
1742082198478 1.0 7349
1742082207866 0.96875 7399
1742082217270 0.984375 7449
1742082226660 0.984375 7499
1742082257987 0.96875 7549
1742082267298 1.0 7599
1742082276638 0.984375 7649
1742082285970 0.953125 7699
1742082295318 1.0 7749
1742082304663 1.0 7799
1742082313997 0.984375 7849
1742082323353 0.953125 7899
1742082332683 0.96875 7949
1742082342040 1.0 7999
1742082351380 0.953125 8049
1742082360688 1.0 8099
1742082370039 0.984375 8149
1742082379409 0.984375 8199
1742082388786 1.0 8249
1742088120521 1.0 8299
1742088129797 1.0 8349
1742088139094 0.953125 8399
1742088148402 0.96875 8449
1742088157758 0.984375 8499
1742088167105 1.0 8549
1742088176453 0.984375 8599
1742088185837 1.0 8649
1742088195178 0.953125 8699
1742088204520 0.953125 8749
1742088238346 1.0 8799
1742088247693 1.0 8849
1742088257026 0.984375 8899
1742088266425 0.984375 8949
1742088275788 0.984375 8999
1742088285165 0.9375 9049
1742088294531 0.953125 9099
1742088303907 0.96875 9149
1742088313263 1.0 9199
1742088322634 0.984375 9249
1742088331998 0.96875 9299
1742088341396 0.984375 9349
1742088350743 0.96875 9399
1742088360138 1.0 9449
1742088369496 1.0 9499
1742088378836 0.96875 9549
1742088388200 0.96875 9599
1742088397592 1.0 9649
1742088406995 1.0 9699
1742088416387 0.984375 9749
1742088425767 0.984375 9799
1742088435154 1.0 9849
1742088444517 0.984375 9899
1742088453945 1.0 9949
1742088463339 1.0 9999
1742088495766 1.0 10049
1742088505084 0.984375 10099
1742088514405 1.0 10149
1742088523730 0.953125 10199
1742088533061 0.96875 10249
1742088542385 0.984375 10299
1742088551731 0.984375 10349
1742088561070 1.0 10399
1742088570400 0.96875 10449
1742088579765 1.0 10499
1742088589112 1.0 10549
1742088598459 1.0 10599
1742088607819 0.984375 10649
1742088617183 0.984375 10699
1742088626538 0.96875 10749
1742088635873 1.0 10799
1742088645226 1.0 10849
1742088654579 1.0 10899
1742088663934 1.0 10949
1742088673281 1.0 10999
1742088682673 1.0 11049
1742088692036 0.96875 11099
1742088701389 0.984375 11149
1742088710729 0.984375 11199
1742088720086 1.0 11249
1742088752697 0.96875 11299
1742088762015 1.0 11349
1742088771338 1.0 11399
1742088780643 1.0 11449
1742088789945 1.0 11499
1742088799241 1.0 11549
1742088808555 0.984375 11599
1742088924398 1.0 11649
1742088933670 1.0 11699
1742088942896 1.0 11749
1742088952182 0.953125 11799
1742088961489 0.984375 11849
1742088970789 1.0 11899
1742088980095 0.984375 11949
1742088989378 0.984375 11999
1742088998677 1.0 12049
1742089007989 0.984375 12099
1742089017322 0.96875 12149
1742089026655 1.0 12199
1742089035977 1.0 12249
1742089045292 1.0 12299
1742089054664 1.0 12349
1742089064026 1.0 12399
1742089073356 1.0 12449
1742089082701 1.0 12499
