1742080718990 0.888340175151825 49
1742080728288 0.216999813914299 99
1742080737468 0.22028948366641998 149
1742080746670 0.3876032531261444 199
1742080755951 0.20337393879890442 249
1742080765235 0.19108989834785461 299
1742080774498 0.27277836203575134 349
1742080783746 0.47192251682281494 399
1742080793012 0.24451547861099243 449
1742080802252 0.13060954213142395 499
1742080811533 0.29929202795028687 549
1742080820789 0.2147553414106369 599
1742080830024 0.20218545198440552 649
1742080839287 0.09121716767549515 699
1742080848553 0.15445028245449066 749
1742080857844 0.041953518986701965 799
1742080867130 0.08328147977590561 849
1742080876394 0.23239372670650482 899
1742080885656 0.18567326664924622 949
1742080894990 0.024560803547501564 999
1742080904354 0.19659021496772766 1049
1742080913715 0.04613213986158371 1099
1742080923064 0.011488363146781921 1149
1742080932434 0.30699485540390015 1199
1742080941755 0.06496874988079071 1249
1742080975095 0.0848512351512909 1299
1742080984428 0.3146660029888153 1349
1742080993728 0.10109364986419678 1399
1742081003031 0.019484909251332283 1449
1742081012323 0.05722411721944809 1499
1742081021615 0.1501760333776474 1549
1742081030900 0.07034902274608612 1599
1742081040216 0.12948395311832428 1649
1742081049483 0.05408557876944542 1699
1742081058807 0.06833502650260925 1749
1742081068071 0.04315996542572975 1799
1742081077374 0.07957140356302261 1849
1742081086704 0.07438167184591293 1899
1742081096021 0.12846477329730988 1949
1742081105338 0.06267402321100235 1999
1742081114653 0.2116057127714157 2049
1742081123930 0.09235319495201111 2099
1742081133223 0.1049608513712883 2149
1742081142512 0.03619188442826271 2199
1742081151852 0.13877786695957184 2249
1742081161134 0.03717326372861862 2299
1742081170431 0.2045934945344925 2349
1742081179758 0.07562102377414703 2399
1742081189103 0.06893785297870636 2449
1742081198463 0.08241105079650879 2499
1742081229984 0.013423657976090908 2549
1742081239370 0.004003190901130438 2599
1742081248744 0.006040345411747694 2649
1742081258080 0.08692555129528046 2699
1742081267414 0.14577317237854004 2749
1742081276731 0.20237265527248383 2799
1742081286035 0.06879626959562302 2849
1742081295372 0.07524125277996063 2899
1742081304712 0.10496106743812561 2949
1742081314030 0.028613105416297913 2999
1742081323322 0.06602617353200912 3049
1742081332624 0.015712305903434753 3099
1742081341894 0.11221686005592346 3149
1742081351180 0.005611849948763847 3199
1742081360501 0.0706201121211052 3249
1742081369803 0.003877914510667324 3299
1742081379137 0.024978961795568466 3349
1742081388474 0.11666931957006454 3399
1742081397789 0.060227151960134506 3449
1742081407099 0.009985244832932949 3499
1742081416432 0.07242630422115326 3549
1742081425753 0.08497212082147598 3599
1742081435084 0.011213603429496288 3649
1742081444431 0.03510385751724243 3699
1742081453716 0.007584929466247559 3749
1742081485758 0.011812222190201283 3799
1742081495065 0.1404418647289276 3849
1742081504363 0.03917541727423668 3899
1742081513665 0.12921945750713348 3949
1742081522921 0.022103847935795784 3999
1742081532221 0.05466252937912941 4049
1742081541528 0.05957041680812836 4099
1742081550848 0.2681739926338196 4149
1742081560176 0.09122636914253235 4199
1742081569511 0.008443254977464676 4249
1742081578842 0.09560349583625793 4299
1742081588182 0.1415211409330368 4349
1742081597509 0.025997592136263847 4399
1742081606861 0.04294705390930176 4449
1742081616200 0.05786765739321709 4499
1742081625561 0.04337542876601219 4549
1742081634916 0.003059975104406476 4599
1742081644279 0.04952946677803993 4649
1742081653650 0.002435762668028474 4699
1742081663015 0.01718137040734291 4749
1742081672342 0.06363874673843384 4799
1742081681657 0.08067741990089417 4849
1742081691010 0.0734233558177948 4899
1742081700361 0.00866515189409256 4949
1742081709691 0.07649669796228409 4999
1742081743977 0.007434818893671036 5049
1742081753278 0.012985192239284515 5099
1742081762577 0.03783881664276123 5149
1742081771872 0.06791945546865463 5199
1742081781196 0.14948022365570068 5249
1742081790499 0.07256883382797241 5299
1742081799827 0.11872414499521255 5349
1742081809112 0.05456741154193878 5399
1742081818414 0.01979132555425167 5449
1742081827715 0.012182708829641342 5499
1742081837034 0.006766871549189091 5549
1742081846354 0.00981367751955986 5599
1742081855704 0.12453966587781906 5649
1742081864986 0.10435154289007187 5699
1742081874308 0.005041414871811867 5749
1742081883639 0.01329889614135027 5799
1742081892964 0.0975392535328865 5849
1742081902298 0.024350447580218315 5899
1742081911685 0.028956610709428787 5949
1742081921009 0.005048650316894054 5999
1742081930294 0.017976276576519012 6049
1742081939636 0.05421274155378342 6099
1742081948956 0.013501551002264023 6149
1742081958323 0.018652036786079407 6199
1742081967656 0.009416338056325912 6249
1742082001252 0.033545754849910736 6299
1742082010653 0.043866243213415146 6349
1742082020014 0.12104970216751099 6399
1742082029397 0.015389258041977882 6449
1742082038783 0.02058934047818184 6499
1742082048195 0.023085180670022964 6549
1742082057576 0.0638187900185585 6599
1742082066959 0.02367076650261879 6649
1742082076360 0.023837577551603317 6699
1742082085764 0.03469255939126015 6749
1742082095137 0.01087843719869852 6799
1742082104503 0.11428061872720718 6849
1742082113912 0.013033215887844563 6899
1742082123324 0.013225550763309002 6949
1742082132747 0.004754345864057541 6999
1742082142126 0.07385285943746567 7049
1742082151512 0.014996178448200226 7099
1742082160902 0.06506054103374481 7149
1742082170276 0.03752733767032623 7199
1742082179663 0.004886195994913578 7249
1742082189053 0.003885984420776367 7299
1742082198478 0.00631314143538475 7349
1742082207866 0.09126356989145279 7399
1742082217270 0.06378117203712463 7449
1742082226660 0.0588703490793705 7499
1742082257987 0.06758299469947815 7549
1742082267298 0.0012415706878528 7599
1742082276638 0.0379861518740654 7649
1742082285970 0.23336772620677948 7699
1742082295318 0.0038517569191753864 7749
1742082304663 0.02291255071759224 7799
1742082313997 0.022738195955753326 7849
1742082323353 0.08471420407295227 7899
1742082332683 0.07426315546035767 7949
1742082342040 0.01673145778477192 7999
1742082351380 0.07322000712156296 8049
1742082360688 0.019621990621089935 8099
1742082370039 0.05592138692736626 8149
1742082379409 0.027185559272766113 8199
1742082388786 0.013192523270845413 8249
1742088120521 0.023106327280402184 8299
1742088129797 0.006902390159666538 8349
1742088139094 0.06791964173316956 8399
1742088148402 0.0743844136595726 8449
1742088157758 0.0389215312898159 8499
1742088167105 0.005166065879166126 8549
1742088176453 0.025722438469529152 8599
1742088185837 0.004748298320919275 8649
1742088195178 0.22448323667049408 8699
1742088204520 0.07634393125772476 8749
1742088238346 0.004818495828658342 8799
1742088247693 0.018096372485160828 8849
1742088257026 0.05845695361495018 8899
1742088266425 0.05362459272146225 8949
1742088275788 0.033271145075559616 8999
1742088285165 0.16389599442481995 9049
1742088294531 0.1398443877696991 9099
1742088303907 0.07508382946252823 9149
1742088313263 0.02501986175775528 9199
1742088322634 0.03899092972278595 9249
1742088331998 0.0666089653968811 9299
1742088341396 0.024175334721803665 9349
1742088350743 0.038062918931245804 9399
1742088360138 0.009131152182817459 9449
1742088369496 0.005094562191516161 9499
1742088378836 0.12838441133499146 9549
1742088388200 0.07445063441991806 9599
1742088397592 0.026005389168858528 9649
1742088406995 0.00644992059096694 9699
1742088416387 0.02735254168510437 9749
1742088425767 0.047107331454753876 9799
1742088435154 0.01039191335439682 9849
1742088444517 0.031655993312597275 9899
1742088453945 0.0027214481960982084 9949
1742088463339 0.00872611254453659 9999
1742088495766 0.012580455280840397 10049
1742088505084 0.03556159883737564 10099
1742088514405 0.0017156453104689717 10149
1742088523730 0.059010446071624756 10199
1742088533061 0.0986974909901619 10249
1742088542385 0.06799985468387604 10299
1742088551731 0.027720982208848 10349
1742088561070 0.002878974424675107 10399
1742088570400 0.07339625805616379 10449
1742088579765 0.01983652263879776 10499
1742088589112 0.008927949704229832 10549
1742088598459 0.024199308827519417 10599
1742088607819 0.018444500863552094 10649
1742088617183 0.045321024954319 10699
1742088626538 0.13185106217861176 10749
1742088635873 0.0018214130541309714 10799
1742088645226 0.0007531734881922603 10849
1742088654579 0.005249416455626488 10899
1742088663934 0.0038748180959373713 10949
1742088673281 0.00480969063937664 10999
1742088682673 0.00467784283682704 11049
1742088692036 0.07780090719461441 11099
1742088701389 0.03190696984529495 11149
1742088710729 0.017088333144783974 11199
1742088720086 0.0231521837413311 11249
1742088752697 0.04653618112206459 11299
1742088762015 0.020732738077640533 11349
1742088771338 0.009249083697795868 11399
1742088780643 0.001026919693686068 11449
1742088789945 0.003964372910559177 11499
1742088799241 0.012603580951690674 11549
1742088808555 0.029987305402755737 11599
1742088924398 0.004707877989858389 11649
1742088933670 0.0029785705264657736 11699
1742088942896 0.002476239576935768 11749
1742088952182 0.0863904133439064 11799
1742088961489 0.04927671700716019 11849
1742088970789 0.016108330339193344 11899
1742088980095 0.026894766837358475 11949
1742088989378 0.04177670180797577 11999
1742088998677 0.0010360892629250884 12049
1742089007989 0.04047757387161255 12099
1742089017322 0.03915955126285553 12149
1742089026655 0.017371639609336853 12199
1742089035977 0.00032100698444992304 12249
1742089045292 0.0028560427017509937 12299
1742089054664 0.006020688451826572 12349
1742089064026 0.010505507700145245 12399
1742089073356 0.008728883229196072 12449
1742089082701 0.0029689453076571226 12499
