1742202187603 0.0 49
1742202196854 0.0 99
1742202206112 0.0 149
1742202215403 0.0 199
1742202224751 0.0 249
1742202234101 0.0 299
1742202243453 0.0 349
1742202252782 0.0 399
1742202262126 0.0 449
1742202271476 0.0 499
1742202280867 0.0 549
1742202290244 0.0 599
1742202299580 0.0 649
1742202308912 0.0 699
1742202318279 0.0 749
1742202327635 0.0 799
1742202336981 0.0 849
1742202346344 0.0 899
1742202355695 0.0 949
1742202365086 0.0 999
1742202374456 0.0 1049
1742202383828 0.0 1099
1742202405782 0.0 1111
