1742202187603 0.24027091264724731 49
1742202196854 0.33540070056915283 99
1742202206112 0.16519883275032043 149
1742202215403 0.1741321086883545 199
1742202224751 0.09987464547157288 249
1742202234101 0.0847807377576828 299
1742202243453 0.0968383178114891 349
1742202252782 0.05524450168013573 399
1742202262126 0.5293405055999756 449
1742202271476 0.2469826638698578 499
1742202280867 0.019850056618452072 549
1742202290244 0.12548759579658508 599
1742202299580 0.049398213624954224 649
1742202308912 0.1516367495059967 699
1742202318279 0.14819057285785675 749
1742202327635 0.16069941222667694 799
1742202336981 0.1898307204246521 849
1742202346344 0.3689713478088379 899
1742202355695 0.13630929589271545 949
1742202365086 0.17902137339115143 999
1742202374456 0.03492427617311478 1049
1742202383828 0.14909282326698303 1099
