1742202187603 0.9375 49
1742202196854 0.90625 99
1742202206112 0.96875 149
1742202215403 0.9375 199
1742202224751 0.953125 249
1742202234101 0.953125 299
1742202243453 0.96875 349
1742202252782 0.984375 399
1742202262126 0.859375 449
1742202271476 0.953125 499
1742202280867 1.0 549
1742202290244 0.96875 599
1742202299580 0.984375 649
1742202308912 0.921875 699
1742202318279 0.953125 749
1742202327635 0.953125 799
1742202336981 0.9375 849
1742202346344 0.96875 899
1742202355695 0.9375 949
1742202365086 0.921875 999
1742202374456 0.984375 1049
1742202383828 0.96875 1099
