1742282965832 0.0 49
1742282975374 0.0 99
1742282984700 0.0 149
1742282994057 0.0 199
1742283003419 0.0 249
1742283012848 0.0 299
1742283022225 0.0 349
1742283031612 0.0 399
1742283041006 0.0 449
1742283050408 0.0 499
1742283059833 0.0 549
1742283069244 0.0 599
1742283078759 0.0 649
1742283088217 0.0 699
1742283097669 0.0 749
1742283107167 0.0 799
1742283116614 0.0 849
1742283126032 0.0 899
1742283135461 0.0 949
1742283144894 0.0 999
1742283154348 0.0 1049
1742283163811 0.0 1099
1742283173282 0.0 1149
1742283182718 0.0 1199
1742283192145 0.0 1249
1742283214756 0.0 1249
1742283216358 0.0 1249
1742283226466 1.0 1299
1742283235849 1.0 1349
1742283245280 1.0 1399
1742283254710 1.0 1449
1742283264132 1.0 1499
1742283273576 1.0 1549
1742283282964 1.0 1599
1742283292397 1.0 1649
1742283301829 1.0 1699
1742283311253 1.0 1749
1742283320680 1.0 1799
1742283330108 1.0 1849
1742283339572 1.0 1899
1742283348991 1.0 1949
1742283358426 1.0 1999
1742283367877 1.0 2049
1742283377323 1.0 2099
1742283386780 1.0 2149
1742283396194 1.0 2199
1742283405640 1.0 2249
1742283415076 1.0 2299
1742283424525 1.0 2349
1742283434003 1.0 2399
1742283443477 1.0 2449
1742283452926 1.0 2499
1742283476754 1.0 2499
1742283478492 1.0 2499
1742283488625 2.0 2549
1742283498036 2.0 2599
1742283507460 2.0 2649
1742283516895 2.0 2699
1742283526297 2.0 2749
1742283535730 2.0 2799
1742283545119 2.0 2849
1742283554505 2.0 2899
1742283563952 2.0 2949
1742283573368 2.0 2999
1742283582811 2.0 3049
1742283592225 2.0 3099
1742283601652 2.0 3149
1742283611107 2.0 3199
1742283620544 2.0 3249
1742283630011 2.0 3299
1742283639455 2.0 3349
1742283648900 2.0 3399
1742283658344 2.0 3449
1742283667785 2.0 3499
1742283677231 2.0 3549
1742283686675 2.0 3599
1742283696106 2.0 3649
1742283705571 2.0 3699
1742283715001 2.0 3749
1742283736624 2.0 3749
1742283738316 2.0 3749
1742283748483 3.0 3799
1742283757946 3.0 3849
1742283767399 3.0 3899
1742283776889 3.0 3949
1742283786342 3.0 3999
1742283795819 3.0 4049
1742283805296 3.0 4099
1742283814764 3.0 4149
1742283824241 3.0 4199
1742283833718 3.0 4249
1742283843190 3.0 4299
1742283852656 3.0 4349
1742283862124 3.0 4399
1742283871603 3.0 4449
1742283881060 3.0 4499
1742283890535 3.0 4549
1742283900020 3.0 4599
1742283909494 3.0 4649
1742283919000 3.0 4699
1742283928482 3.0 4749
1742283937973 3.0 4799
1742283947431 3.0 4849
1742283956903 3.0 4899
1742283966396 3.0 4949
1742283975826 3.0 4999
1742283998697 3.0 4999
1742284000377 3.0 4999
1742284010364 4.0 5049
1742284019787 4.0 5099
1742284029228 4.0 5149
1742284038652 4.0 5199
1742284048103 4.0 5249
1742284057576 4.0 5299
1742284067041 4.0 5349
1742284076481 4.0 5399
1742284085910 4.0 5449
1742284095363 4.0 5499
1742284104813 4.0 5549
1742284114244 4.0 5599
1742284123694 4.0 5649
1742284133143 4.0 5699
1742284142601 4.0 5749
1742284152029 4.0 5799
1742284161489 4.0 5849
1742284170953 4.0 5899
1742284180411 4.0 5949
1742284189880 4.0 5999
1742284199345 4.0 6049
1742284208789 4.0 6099
1742284218241 4.0 6149
1742284227709 4.0 6199
1742284237154 4.0 6249
1742284259425 4.0 6249
1742284260313 4.0 6249
1742284270395 5.0 6299
1742284279778 5.0 6349
1742284289173 5.0 6399
1742284298614 5.0 6449
1742284308049 5.0 6499
1742284317462 5.0 6549
1742284326899 5.0 6599
1742284336352 5.0 6649
1742284345779 5.0 6699
1742284355251 5.0 6749
1742284364716 5.0 6799
1742284374203 5.0 6849
1742284383670 5.0 6899
1742284393125 5.0 6949
1742284402561 5.0 6999
1742284412010 5.0 7049
1742284421475 5.0 7099
1742284430929 5.0 7149
1742284440421 5.0 7199
1742284449883 5.0 7249
1742284459337 5.0 7299
1742284468795 5.0 7349
1742284478274 5.0 7399
1742284487727 5.0 7449
1742284497152 5.0 7499
1742284519458 5.0 7499
1742284520375 5.0 7499
1742284530572 6.0 7549
1742284540010 6.0 7599
1742284549417 6.0 7649
1742284558843 6.0 7699
1742284568283 6.0 7749
1742284577715 6.0 7799
1742284587130 6.0 7849
1742284596550 6.0 7899
1742284605999 6.0 7949
1742284615414 6.0 7999
1742284624837 6.0 8049
1742284634295 6.0 8099
1742284643750 6.0 8149
1742284653199 6.0 8199
1742284662641 6.0 8249
1742284672101 6.0 8299
1742284681562 6.0 8349
1742284691014 6.0 8399
1742284700501 6.0 8449
1742284709986 6.0 8499
1742284719464 6.0 8549
1742284728930 6.0 8599
1742284738406 6.0 8649
1742284747868 6.0 8699
1742284757320 6.0 8749
1742284779818 6.0 8749
1742284780748 6.0 8749
1742284790774 7.0 8799
1742284800169 7.0 8849
1742284809618 7.0 8899
1742284819065 7.0 8949
1742284828471 7.0 8999
1742284837872 7.0 9049
1742284847266 7.0 9099
1742284856683 7.0 9149
1742284866094 7.0 9199
1742284875496 7.0 9249
1742284884926 7.0 9299
1742284894364 7.0 9349
1742284903777 7.0 9399
1742284913220 7.0 9449
1742284922648 7.0 9499
1742284932082 7.0 9549
1742284941518 7.0 9599
1742284950925 7.0 9649
1742284960368 7.0 9699
1742284969801 7.0 9749
1742284979246 7.0 9799
1742284988677 7.0 9849
1742284998139 7.0 9899
1742285007604 7.0 9949
1742285017022 7.0 9999
1742285038574 7.0 9999
1742285039480 7.0 9999
1742285049481 8.0 10049
1742285058896 8.0 10099
1742285068303 8.0 10149
1742285077713 8.0 10199
1742285087125 8.0 10249
1742285096504 8.0 10299
1742285105908 8.0 10349
1742285115316 8.0 10399
1742285124707 8.0 10449
1742285134087 8.0 10499
1742285143518 8.0 10549
1742285152943 8.0 10599
1742285162371 8.0 10649
1742285171812 8.0 10699
1742285181267 8.0 10749
1742285190707 8.0 10799
1742285200137 8.0 10849
1742285209597 8.0 10899
1742285219062 8.0 10949
1742285228497 8.0 10999
1742285237952 8.0 11049
1742285247436 8.0 11099
1742285257096 8.0 11149
1742285266770 8.0 11199
1742285276238 8.0 11249
1742285298199 8.0 11249
1742285299102 8.0 11249
1742285309267 9.0 11299
1742285318721 9.0 11349
1742285328139 9.0 11399
1742285337574 9.0 11449
1742285347108 9.0 11499
1742285356687 9.0 11549
1742285366122 9.0 11599
1742285375555 9.0 11649
1742285385072 9.0 11699
1742285394518 9.0 11749
1742285403945 9.0 11799
1742285413390 9.0 11849
1742285422821 9.0 11899
1742285432301 9.0 11949
1742285441723 9.0 11999
1742285451153 9.0 12049
1742285460593 9.0 12099
1742285470042 9.0 12149
1742285479485 9.0 12199
1742285488994 9.0 12249
1742285498447 9.0 12299
1742285507906 9.0 12349
1742285517358 9.0 12399
1742285526812 9.0 12449
1742285536224 9.0 12499
1742285558275 9.0 12499
1742285559988 9.0 12499
1742285570107 10.0 12549
1742285579511 10.0 12599
1742285588949 10.0 12649
1742285598443 10.0 12699
1742285607874 10.0 12749
1742285617293 10.0 12799
1742285626728 10.0 12849
1742285636171 10.0 12899
1742285645591 10.0 12949
1742285655021 10.0 12999
1742285664437 10.0 13049
1742285673891 10.0 13099
1742285683312 10.0 13149
1742285692738 10.0 13199
1742285702164 10.0 13249
1742285711569 10.0 13299
1742285721032 10.0 13349
1742285730481 10.0 13399
1742285739928 10.0 13449
1742285749349 10.0 13499
1742285758791 10.0 13549
1742285768247 10.0 13599
1742285777728 10.0 13649
1742285787189 10.0 13699
1742285796614 10.0 13749
1742285818257 10.0 13749
1742285819083 10.0 13749
1742285829127 11.0 13799
1742285838523 11.0 13849
1742285847956 11.0 13899
1742285857394 11.0 13949
1742285866819 11.0 13999
1742285876238 11.0 14049
1742285885660 11.0 14099
1742285895091 11.0 14149
1742285904525 11.0 14199
1742285913917 11.0 14249
1742285923344 11.0 14299
1742285932741 11.0 14349
1742285942164 11.0 14399
1742285951582 11.0 14449
1742285961027 11.0 14499
1742285970424 11.0 14549
1742285979831 11.0 14599
1742285989272 11.0 14649
1742285998711 11.0 14699
1742286008150 11.0 14749
1742286017592 11.0 14799
1742286027045 11.0 14849
1742286036508 11.0 14899
1742286045925 11.0 14949
1742286055438 11.0 14999
1742286077299 11.0 14999
1742286078215 11.0 14999
1742286088270 12.0 15049
1742286097659 12.0 15099
1742286107070 12.0 15149
1742286116471 12.0 15199
1742286125844 12.0 15249
1742286135259 12.0 15299
1742286144679 12.0 15349
1742286154112 12.0 15399
1742286163536 12.0 15449
1742286172954 12.0 15499
1742286182378 12.0 15549
1742286191818 12.0 15599
1742286201262 12.0 15649
1742286210715 12.0 15699
1742286220168 12.0 15749
1742286229599 12.0 15799
1742286239034 12.0 15849
1742286248487 12.0 15899
1742286257911 12.0 15949
1742286267347 12.0 15999
1742286276799 12.0 16049
1742286286239 12.0 16099
1742286295684 12.0 16149
1742286305129 12.0 16199
1742286314556 12.0 16249
1742286336631 12.0 16249
1742286337590 12.0 16249
1742286347758 13.0 16299
1742286357159 13.0 16349
1742286366550 13.0 16399
1742286375978 13.0 16449
1742286385411 13.0 16499
1742286394830 13.0 16549
1742286404273 13.0 16599
1742286413703 13.0 16649
1742286423118 13.0 16699
1742286432548 13.0 16749
1742286441933 13.0 16799
1742286451359 13.0 16849
1742286460786 13.0 16899
1742286470256 13.0 16949
1742286479703 13.0 16999
1742286489152 13.0 17049
1742286498593 13.0 17099
1742286508042 13.0 17149
1742286517495 13.0 17199
1742286526961 13.0 17249
1742286536401 13.0 17299
1742286545847 13.0 17349
1742286555315 13.0 17399
1742286564770 13.0 17449
1742286574182 13.0 17499
1742286596489 13.0 17499
1742286597425 13.0 17499
1742286607411 14.0 17549
1742286616836 14.0 17599
1742286626235 14.0 17649
1742286635656 14.0 17699
1742286645073 14.0 17749
1742286654511 14.0 17799
1742286663956 14.0 17849
1742286673383 14.0 17899
1742286682826 14.0 17949
1742286692239 14.0 17999
1742286701731 14.0 18049
1742286711145 14.0 18099
1742286720565 14.0 18149
1742286730002 14.0 18199
1742286739433 14.0 18249
1742286748879 14.0 18299
1742286758342 14.0 18349
1742286767777 14.0 18399
1742286777214 14.0 18449
1742286786661 14.0 18499
1742286796062 14.0 18549
1742286805514 14.0 18599
1742286814976 14.0 18649
1742286824432 14.0 18699
1742286833855 14.0 18749
1742286855521 14.0 18749
1742286857223 14.0 18749
1742286867343 15.0 18799
1742286876754 15.0 18849
1742286886164 15.0 18899
1742286895594 15.0 18949
1742286905000 15.0 18999
1742286914413 15.0 19049
1742286923829 15.0 19099
1742286933226 15.0 19149
1742286942644 15.0 19199
1742286952051 15.0 19249
1742286961485 15.0 19299
1742286970902 15.0 19349
1742286980323 15.0 19399
1742286989757 15.0 19449
1742286999195 15.0 19499
1742287008642 15.0 19549
1742287018096 15.0 19599
1742287027547 15.0 19649
1742287036972 15.0 19699
1742287046396 15.0 19749
1742287055842 15.0 19799
1742287065278 15.0 19849
1742287074714 15.0 19899
1742287084152 15.0 19949
1742287093587 15.0 19999
1742287115693 15.0 19999
1742287116641 15.0 19999
1742287126676 16.0 20049
1742287136056 16.0 20099
1742287145458 16.0 20149
1742287154875 16.0 20199
1742287164286 16.0 20249
1742287173728 16.0 20299
1742287183141 16.0 20349
1742287192576 16.0 20399
1742287202017 16.0 20449
1742287211441 16.0 20499
1742287220873 16.0 20549
1742287230280 16.0 20599
1742287239706 16.0 20649
1742287249152 16.0 20699
1742287258585 16.0 20749
1742287268016 16.0 20799
1742287277445 16.0 20849
1742287286901 16.0 20899
1742287296348 16.0 20949
1742287305815 16.0 20999
1742287315226 16.0 21049
1742287324684 16.0 21099
1742287334139 16.0 21149
1742287343589 16.0 21199
1742287353017 16.0 21249
1742287375055 16.0 21249
1742287375954 16.0 21249
1742287385998 17.0 21299
1742287395414 17.0 21349
1742287404812 17.0 21399
1742287414208 17.0 21449
1742287423611 17.0 21499
1742287433024 17.0 21549
1742287442423 17.0 21599
1742287451812 17.0 21649
1742287461218 17.0 21699
1742287470615 17.0 21749
1742287480034 17.0 21799
1742287489430 17.0 21849
1742287498896 17.0 21899
1742287508289 17.0 21949
1742287517687 17.0 21999
1742287527107 17.0 22049
1742287536518 17.0 22099
1742287545923 17.0 22149
1742287555360 17.0 22199
1742287564792 17.0 22249
1742287574207 17.0 22299
1742287583656 17.0 22349
1742287593088 17.0 22399
1742287602526 17.0 22449
1742287611941 17.0 22499
1742287633431 17.0 22499
1742287634315 17.0 22499
1742287644376 18.0 22549
1742287653750 18.0 22599
1742287663170 18.0 22649
1742287672548 18.0 22699
1742287681940 18.0 22749
1742287691371 18.0 22799
1742287700794 18.0 22849
1742287710198 18.0 22899
1742287719601 18.0 22949
1742287729010 18.0 22999
1742287738394 18.0 23049
1742287747796 18.0 23099
1742287757199 18.0 23149
1742287766632 18.0 23199
1742287776054 18.0 23249
1742287785467 18.0 23299
1742287794923 18.0 23349
1742287804362 18.0 23399
1742287813797 18.0 23449
1742287823214 18.0 23499
1742287832626 18.0 23549
1742287842070 18.0 23599
1742287851507 18.0 23649
1742287860935 18.0 23699
1742287870368 18.0 23749
1742287891977 18.0 23749
1742287892878 18.0 23749
1742287902938 19.0 23799
1742287912322 19.0 23849
1742287921739 19.0 23899
1742287931132 19.0 23949
1742287940600 19.0 23999
1742287950009 19.0 24049
1742287959437 19.0 24099
1742287968851 19.0 24149
1742287978242 19.0 24199
1742287987655 19.0 24249
1742287997060 19.0 24299
1742288006475 19.0 24349
1742288015861 19.0 24399
1742288025280 19.0 24449
1742288034721 19.0 24499
1742288044181 19.0 24549
1742288053590 19.0 24599
1742288063012 19.0 24649
1742288072460 19.0 24699
1742288081889 19.0 24749
1742288091312 19.0 24799
1742288100741 19.0 24849
1742288110182 19.0 24899
1742288119626 19.0 24949
1742288129049 19.0 24999
1742288151062 19.0 24999
1742288152746 19.0 24999
1742288162836 20.0 25049
1742288172244 20.0 25099
1742288181651 20.0 25149
1742288191062 20.0 25199
1742288200471 20.0 25249
1742288209902 20.0 25299
1742288219316 20.0 25349
1742288228753 20.0 25399
1742288238199 20.0 25449
1742288247642 20.0 25499
1742288257090 20.0 25549
1742288266505 20.0 25599
1742288275932 20.0 25649
1742288285360 20.0 25699
1742288294771 20.0 25749
1742288304204 20.0 25799
1742288313646 20.0 25849
1742288323100 20.0 25899
1742288332539 20.0 25949
1742288341981 20.0 25999
1742288351416 20.0 26049
1742288360860 20.0 26099
1742288370344 20.0 26149
1742288379754 20.0 26199
1742288389160 20.0 26249
1742288411234 20.0 26249
1742288412119 20.0 26249
1742288422273 21.0 26299
1742288431686 21.0 26349
1742288441079 21.0 26399
1742288450478 21.0 26449
1742288459875 21.0 26499
1742288469249 21.0 26549
1742288478664 21.0 26599
1742288488101 21.0 26649
1742288497497 21.0 26699
1742288506921 21.0 26749
1742288516316 21.0 26799
1742288525746 21.0 26849
1742288535147 21.0 26899
1742288544579 21.0 26949
1742288554046 21.0 26999
1742288563510 21.0 27049
1742288572936 21.0 27099
1742288582378 21.0 27149
1742288591841 21.0 27199
1742288601262 21.0 27249
1742288610711 21.0 27299
1742288620152 21.0 27349
1742288629617 21.0 27399
1742288639055 21.0 27449
1742288648436 21.0 27499
1742288670032 21.0 27499
1742288670956 21.0 27499
1742288680999 22.0 27549
1742288690422 22.0 27599
1742288699789 22.0 27649
1742288709186 22.0 27699
1742288718605 22.0 27749
1742288727993 22.0 27799
1742288737411 22.0 27849
1742288746849 22.0 27899
1742288756334 22.0 27949
1742288765734 22.0 27999
1742288775162 22.0 28049
1742288784611 22.0 28099
1742288794021 22.0 28149
1742288803456 22.0 28199
1742288812889 22.0 28249
1742288822340 22.0 28299
1742288831778 22.0 28349
1742288841296 22.0 28399
1742288850771 22.0 28449
1742288860236 22.0 28499
1742288869654 22.0 28549
1742288879086 22.0 28599
1742288888537 22.0 28649
1742288898018 22.0 28699
1742288907448 22.0 28749
1742288929964 22.0 28749
1742288930818 22.0 28749
1742288940867 23.0 28799
1742288950282 23.0 28849
1742288959679 23.0 28899
1742288969108 23.0 28949
1742288978535 23.0 28999
1742288987954 23.0 29049
1742288997349 23.0 29099
1742289006762 23.0 29149
1742289016166 23.0 29199
1742289025606 23.0 29249
1742289035015 23.0 29299
1742289044454 23.0 29349
1742289053857 23.0 29399
1742289063265 23.0 29449
1742289072684 23.0 29499
1742289082090 23.0 29549
1742289091516 23.0 29599
1742289100930 23.0 29649
1742289110379 23.0 29699
1742289119811 23.0 29749
1742289129217 23.0 29799
1742289138641 23.0 29849
1742289148074 23.0 29899
1742289157557 23.0 29949
1742289167008 23.0 29999
1742289189250 23.0 29999
1742289190156 23.0 29999
1742289200267 24.0 30049
1742289209653 24.0 30099
1742289219043 24.0 30149
1742289228457 24.0 30199
1742289237859 24.0 30249
1742289247278 24.0 30299
1742289256709 24.0 30349
1742289266126 24.0 30399
1742289275559 24.0 30449
1742289284984 24.0 30499
1742289294447 24.0 30549
1742289303858 24.0 30599
1742289313291 24.0 30649
1742289322730 24.0 30699
1742289332169 24.0 30749
1742289341619 24.0 30799
1742289351048 24.0 30849
1742289360493 24.0 30899
1742289369931 24.0 30949
1742289379402 24.0 30999
1742289388852 24.0 31049
1742289398300 24.0 31099
1742289407763 24.0 31149
1742289417213 24.0 31199
1742289426636 24.0 31249
1742289448648 24.0 31249
1742289450348 24.0 31249
1742289460513 25.0 31299
1742289469917 25.0 31349
1742289479302 25.0 31399
1742289488748 25.0 31449
1742289498156 25.0 31499
1742289507583 25.0 31549
1742289516973 25.0 31599
1742289526393 25.0 31649
1742289535813 25.0 31699
1742289545221 25.0 31749
1742289554646 25.0 31799
1742289564042 25.0 31849
1742289573450 25.0 31899
1742289582896 25.0 31949
1742289592336 25.0 31999
1742289601803 25.0 32049
1742289611216 25.0 32099
1742289620622 25.0 32149
1742289630056 25.0 32199
1742289639480 25.0 32249
1742289648918 25.0 32299
1742289658362 25.0 32349
1742289667820 25.0 32399
1742289677257 25.0 32449
1742289686678 25.0 32499
1742289708867 25.0 32499
1742289710554 25.0 32499
1742289720689 26.0 32549
1742289730101 26.0 32599
1742289739524 26.0 32649
1742289748942 26.0 32699
1742289758385 26.0 32749
1742289767824 26.0 32799
1742289777252 26.0 32849
1742289786657 26.0 32899
1742289796096 26.0 32949
1742289805528 26.0 32999
1742289814953 26.0 33049
1742289824382 26.0 33099
1742289833821 26.0 33149
1742289843222 26.0 33199
1742289852679 26.0 33249
1742289862125 26.0 33299
1742289871535 26.0 33349
1742289880960 26.0 33399
1742289890405 26.0 33449
1742289899836 26.0 33499
1742289909273 26.0 33549
1742289918700 26.0 33599
1742289928153 26.0 33649
1742289937593 26.0 33699
1742289946999 26.0 33749
1742289969494 26.0 33749
1742289971176 26.0 33749
1742289981238 27.0 33799
1742289990622 27.0 33849
1742290000044 27.0 33899
1742290009451 27.0 33949
1742290018859 27.0 33999
1742290028288 27.0 34049
1742290037723 27.0 34099
1742290047133 27.0 34149
1742290056547 27.0 34199
1742290065976 27.0 34249
1742290075416 27.0 34299
1742290084814 27.0 34349
1742290094226 27.0 34399
1742290103677 27.0 34449
1742290113098 27.0 34499
1742290122537 27.0 34549
1742290131926 27.0 34599
1742290141343 27.0 34649
1742290150771 27.0 34699
1742290160218 27.0 34749
1742290169671 27.0 34799
1742290179105 27.0 34849
1742290188557 27.0 34899
1742290198012 27.0 34949
1742290207417 27.0 34999
1742290229542 27.0 34999
1742290230428 27.0 34999
1742290240505 28.0 35049
1742290249915 28.0 35099
1742290259323 28.0 35149
1742290268744 28.0 35199
1742290278155 28.0 35249
1742290287578 28.0 35299
1742290297014 28.0 35349
1742290306466 28.0 35399
1742290315906 28.0 35449
1742290325350 28.0 35499
1742290334803 28.0 35549
1742290344229 28.0 35599
1742290353698 28.0 35649
1742290363150 28.0 35699
1742290372628 28.0 35749
1742290382060 28.0 35799
1742290391502 28.0 35849
1742290400948 28.0 35899
1742290410385 28.0 35949
1742290419804 28.0 35999
1742290429237 28.0 36049
1742290438669 28.0 36099
1742290448127 28.0 36149
1742290457588 28.0 36199
1742290467018 28.0 36249
1742290488416 28.0 36249
1742290489295 28.0 36249
1742290499383 29.0 36299
1742290508762 29.0 36349
1742290518185 29.0 36399
1742290527588 29.0 36449
1742290536999 29.0 36499
1742290546380 29.0 36549
1742290555779 29.0 36599
1742290565192 29.0 36649
1742290574624 29.0 36699
1742290584029 29.0 36749
1742290593468 29.0 36799
1742290602896 29.0 36849
1742290612304 29.0 36899
1742290621717 29.0 36949
1742290631121 29.0 36999
1742290640586 29.0 37049
1742290650039 29.0 37099
1742290659514 29.0 37149
1742290668936 29.0 37199
1742290678365 29.0 37249
1742290687810 29.0 37299
1742290697256 29.0 37349
1742290706716 29.0 37399
1742290716175 29.0 37449
1742290725591 29.0 37499
1742290747834 29.0 37499
1742290748716 29.0 37499
1742290758695 30.0 37549
1742290768077 30.0 37599
1742290777488 30.0 37649
1742290786904 30.0 37699
1742290796307 30.0 37749
1742290805706 30.0 37799
1742290815113 30.0 37849
1742290824523 30.0 37899
1742290833945 30.0 37949
1742290843389 30.0 37999
1742290852831 30.0 38049
1742290862248 30.0 38099
1742290871683 30.0 38149
1742290881085 30.0 38199
1742290890502 30.0 38249
1742290899930 30.0 38299
1742290909339 30.0 38349
1742290918785 30.0 38399
1742290928204 30.0 38449
1742290937659 30.0 38499
1742290947106 30.0 38549
1742290956553 30.0 38599
1742290966019 30.0 38649
1742290975462 30.0 38699
1742290984885 30.0 38749
1742291007116 30.0 38749
1742291007972 30.0 38749
1742291018089 31.0 38799
1742291027526 31.0 38849
1742291036929 31.0 38899
1742291046339 31.0 38949
1742291055753 31.0 38999
1742291065170 31.0 39049
1742291074579 31.0 39099
1742291084007 31.0 39149
1742291093402 31.0 39199
1742291102811 31.0 39249
1742291112194 31.0 39299
1742291121612 31.0 39349
1742291131032 31.0 39399
1742291140465 31.0 39449
1742291149908 31.0 39499
1742291159327 31.0 39549
1742291168753 31.0 39599
1742291178200 31.0 39649
1742291187618 31.0 39699
1742291197030 31.0 39749
1742291206468 31.0 39799
1742291215924 31.0 39849
1742291225379 31.0 39899
1742291234838 31.0 39949
1742291244267 31.0 39999
1742291266035 31.0 39999
1742291267750 31.0 39999
1742291277905 32.0 40049
1742291287310 32.0 40099
1742291296719 32.0 40149
1742291306082 32.0 40199
1742291315482 32.0 40249
1742291324879 32.0 40299
1742291334271 32.0 40349
1742291343785 32.0 40399
1742291353155 32.0 40449
1742291362579 32.0 40499
1742291372004 32.0 40549
1742291381439 32.0 40599
1742291390854 32.0 40649
1742291400286 32.0 40699
1742291409690 32.0 40749
1742291419138 32.0 40799
1742291428576 32.0 40849
1742291438020 32.0 40899
1742291447465 32.0 40949
1742291456898 32.0 40999
1742291466339 32.0 41049
1742291475789 32.0 41099
1742291485240 32.0 41149
1742291494682 32.0 41199
1742291504074 32.0 41249
1742291526182 32.0 41249
1742291527877 32.0 41249
1742291538025 33.0 41299
1742291547439 33.0 41349
1742291556872 33.0 41399
1742291566281 33.0 41449
1742291575670 33.0 41499
1742291585056 33.0 41549
1742291594458 33.0 41599
1742291603850 33.0 41649
1742291613234 33.0 41699
1742291622654 33.0 41749
1742291632062 33.0 41799
1742291641481 33.0 41849
1742291650864 33.0 41899
1742291660266 33.0 41949
1742291669677 33.0 41999
1742291679153 33.0 42049
1742291688569 33.0 42099
1742291697992 33.0 42149
1742291707424 33.0 42199
1742291716838 33.0 42249
1742291726262 33.0 42299
1742291735706 33.0 42349
1742291745164 33.0 42399
1742291754582 33.0 42449
1742291763977 33.0 42499
1742291787079 33.0 42499
1742291787997 33.0 42499
1742291798133 34.0 42549
1742291807526 34.0 42599
1742291816911 34.0 42649
1742291826312 34.0 42699
1742291835713 34.0 42749
1742291845118 34.0 42799
1742291854540 34.0 42849
1742291863956 34.0 42899
1742291873385 34.0 42949
1742291882795 34.0 42999
1742291892236 34.0 43049
1742291901654 34.0 43099
1742291911086 34.0 43149
1742291920495 34.0 43199
1742291929925 34.0 43249
1742291939346 34.0 43299
1742291948743 34.0 43349
1742291958167 34.0 43399
1742291967590 34.0 43449
1742291976997 34.0 43499
1742291986417 34.0 43549
1742291995822 34.0 43599
1742292005259 34.0 43649
1742292014674 34.0 43699
1742292024100 34.0 43749
1742292045790 34.0 43749
1742292047474 34.0 43749
1742292057549 35.0 43799
1742292066902 35.0 43849
1742292076326 35.0 43899
1742292085737 35.0 43949
1742292095136 35.0 43999
1742292104521 35.0 44049
1742292113939 35.0 44099
1742292123350 35.0 44149
1742292132761 35.0 44199
1742292142189 35.0 44249
1742292151602 35.0 44299
1742292161032 35.0 44349
1742292170453 35.0 44399
1742292179874 35.0 44449
1742292189284 35.0 44499
1742292198689 35.0 44549
1742292208128 35.0 44599
1742292217556 35.0 44649
1742292226938 35.0 44699
1742292236388 35.0 44749
1742292245822 35.0 44799
1742292255243 35.0 44849
1742292264686 35.0 44899
1742292274132 35.0 44949
1742292283567 35.0 44999
1742292306896 35.0 44999
1742292307809 35.0 44999
1742292317927 36.0 45049
1742292327322 36.0 45099
1742292336708 36.0 45149
1742292346101 36.0 45199
1742292355508 36.0 45249
1742292364930 36.0 45299
1742292374326 36.0 45349
1742292383697 36.0 45399
1742292393085 36.0 45449
1742292402479 36.0 45499
1742292411902 36.0 45549
1742292421315 36.0 45599
1742292430748 36.0 45649
1742292440176 36.0 45699
1742292449585 36.0 45749
1742292459074 36.0 45799
1742292468498 36.0 45849
1742292477934 36.0 45899
1742292487329 36.0 45949
1742292496751 36.0 45999
1742292506190 36.0 46049
1742292515595 36.0 46099
1742292525014 36.0 46149
1742292534419 36.0 46199
1742292543801 36.0 46249
1742292566050 36.0 46249
1742292566955 36.0 46249
1742292577071 37.0 46299
1742292586447 37.0 46349
1742292595811 37.0 46399
1742292605208 37.0 46449
1742292614574 37.0 46499
1742292623953 37.0 46549
1742292633388 37.0 46599
1742292642772 37.0 46649
1742292652171 37.0 46699
1742292661582 37.0 46749
1742292670986 37.0 46799
1742292680410 37.0 46849
1742292689849 37.0 46899
1742292699260 37.0 46949
1742292708650 37.0 46999
1742292718054 37.0 47049
1742292727487 37.0 47099
1742292736895 37.0 47149
1742292746335 37.0 47199
1742292755783 37.0 47249
1742292765213 37.0 47299
1742292774634 37.0 47349
1742292784075 37.0 47399
1742292793521 37.0 47449
1742292802923 37.0 47499
1742292826166 37.0 47499
1742292827006 37.0 47499
1742292837131 38.0 47549
1742292846511 38.0 47599
1742292855905 38.0 47649
1742292865302 38.0 47699
1742292874701 38.0 47749
1742292884098 38.0 47799
1742292893501 38.0 47849
1742292902924 38.0 47899
1742292912329 38.0 47949
1742292921726 38.0 47999
1742292931089 38.0 48049
1742292940511 38.0 48099
1742292949933 38.0 48149
1742292959354 38.0 48199
1742292968751 38.0 48249
1742292978158 38.0 48299
1742292987581 38.0 48349
1742292997001 38.0 48399
1742293006425 38.0 48449
1742293015845 38.0 48499
1742293025294 38.0 48549
1742293034729 38.0 48599
1742293044201 38.0 48649
1742293053661 38.0 48699
1742293063085 38.0 48749
1742293085698 38.0 48749
1742293086610 38.0 48749
1742293096700 39.0 48799
1742293106064 39.0 48849
1742293115460 39.0 48899
1742293124853 39.0 48949
1742293134257 39.0 48999
1742293143691 39.0 49049
1742293153079 39.0 49099
1742293162451 39.0 49149
1742293171853 39.0 49199
1742293181265 39.0 49249
1742293190667 39.0 49299
1742293200059 39.0 49349
1742293209482 39.0 49399
1742293218895 39.0 49449
1742293228327 39.0 49499
1742293237744 39.0 49549
1742293247189 39.0 49599
1742293256671 39.0 49649
1742293266101 39.0 49699
1742293275529 39.0 49749
1742293284976 39.0 49799
1742293294397 39.0 49849
1742293303848 39.0 49899
1742293313293 39.0 49949
1742293322707 39.0 49999
1742293345401 39.0 49999
1742293346264 39.0 49999
1742293356456 40.0 50049
1742293365839 40.0 50099
1742293375209 40.0 50149
1742293384580 40.0 50199
1742293393988 40.0 50249
1742293403442 40.0 50299
1742293412879 40.0 50349
1742293422285 40.0 50399
1742293431693 40.0 50449
1742293441110 40.0 50499
1742293450498 40.0 50549
1742293459925 40.0 50599
1742293469330 40.0 50649
1742293478740 40.0 50699
1742293488153 40.0 50749
1742293497579 40.0 50799
1742293507028 40.0 50849
1742293516448 40.0 50899
1742293525874 40.0 50949
1742293535304 40.0 50999
1742293544754 40.0 51049
1742293554211 40.0 51099
1742293563651 40.0 51149
1742293573104 40.0 51199
1742293582499 40.0 51249
1742293604511 40.0 51249
1742293606217 40.0 51249
1742293616318 41.0 51299
1742293625736 41.0 51349
1742293635136 41.0 51399
1742293644532 41.0 51449
1742293653951 41.0 51499
1742293663370 41.0 51549
1742293672736 41.0 51599
1742293682137 41.0 51649
1742293691564 41.0 51699
1742293700991 41.0 51749
1742293710407 41.0 51799
1742293719798 41.0 51849
1742293729203 41.0 51899
1742293738611 41.0 51949
1742293748005 41.0 51999
1742293757409 41.0 52049
1742293766812 41.0 52099
1742293776218 41.0 52149
1742293785609 41.0 52199
1742293795021 41.0 52249
1742293804452 41.0 52299
1742293813903 41.0 52349
1742293823345 41.0 52399
1742293832745 41.0 52449
1742293842125 41.0 52499
1742293863775 41.0 52499
1742293864675 41.0 52499
1742293874790 42.0 52549
1742293884171 42.0 52599
1742293893602 42.0 52649
1742293903015 42.0 52699
1742293912394 42.0 52749
1742293921808 42.0 52799
1742293931192 42.0 52849
1742293940586 42.0 52899
1742293949987 42.0 52949
1742293959434 42.0 52999
1742293968854 42.0 53049
1742293978269 42.0 53099
1742293987688 42.0 53149
1742293997107 42.0 53199
1742294006525 42.0 53249
1742294016023 42.0 53299
1742294025452 42.0 53349
1742294034910 42.0 53399
1742294044332 42.0 53449
1742294053791 42.0 53499
1742294063229 42.0 53549
1742294072662 42.0 53599
1742294082107 42.0 53649
1742294091573 42.0 53699
1742294100977 42.0 53749
1742294122652 42.0 53749
1742294123561 42.0 53749
1742294133689 43.0 53799
1742294143080 43.0 53849
1742294152495 43.0 53899
1742294161888 43.0 53949
1742294171314 43.0 53999
1742294180726 43.0 54049
1742294190136 43.0 54099
1742294199550 43.0 54149
1742294208952 43.0 54199
1742294218425 43.0 54249
1742294227883 43.0 54299
1742294237306 43.0 54349
1742294246749 43.0 54399
1742294256212 43.0 54449
1742294265628 43.0 54499
1742294275085 43.0 54549
1742294284520 43.0 54599
1742294293986 43.0 54649
1742294303454 43.0 54699
1742294312944 43.0 54749
1742294322383 43.0 54799
1742294331817 43.0 54849
1742294341249 43.0 54899
1742294350686 43.0 54949
1742294360071 43.0 54999
1742294381807 43.0 54999
1742294382725 43.0 54999
1742294392902 44.0 55049
1742294402381 44.0 55099
1742294411760 44.0 55149
1742294421146 44.0 55199
1742294430548 44.0 55249
1742294439930 44.0 55299
1742294449318 44.0 55349
1742294458695 44.0 55399
1742294468093 44.0 55449
1742294477497 44.0 55499
1742294486895 44.0 55549
1742294496313 44.0 55599
1742294505733 44.0 55649
1742294515120 44.0 55699
1742294524536 44.0 55749
1742294533970 44.0 55799
1742294543385 44.0 55849
1742294552814 44.0 55899
1742294562195 44.0 55949
1742294571615 44.0 55999
1742294581025 44.0 56049
1742294590475 44.0 56099
1742294599893 44.0 56149
1742294609345 44.0 56199
1742294618778 44.0 56249
1742294641157 44.0 56249
1742294642870 44.0 56249
1742294652938 45.0 56299
1742294662315 45.0 56349
1742294671686 45.0 56399
1742294681095 45.0 56449
1742294690507 45.0 56499
1742294699906 45.0 56549
1742294709314 45.0 56599
1742294718726 45.0 56649
1742294728126 45.0 56699
1742294737521 45.0 56749
1742294746909 45.0 56799
1742294756299 45.0 56849
1742294765692 45.0 56899
1742294775158 45.0 56949
1742294784597 45.0 56999
1742294793990 45.0 57049
1742294803415 45.0 57099
1742294812842 45.0 57149
1742294822267 45.0 57199
1742294831681 45.0 57249
1742294841102 45.0 57299
1742294850555 45.0 57349
1742294859990 45.0 57399
1742294869446 45.0 57449
1742294878847 45.0 57499
1742294901348 45.0 57499
1742294902276 45.0 57499
1742294912383 46.0 57549
1742294921771 46.0 57599
1742294931175 46.0 57649
1742294940551 46.0 57699
1742294949968 46.0 57749
1742294959365 46.0 57799
1742294968748 46.0 57849
1742294978176 46.0 57899
1742294987572 46.0 57949
1742294996954 46.0 57999
1742295006358 46.0 58049
1742295015767 46.0 58099
1742295025170 46.0 58149
1742295034593 46.0 58199
1742295044017 46.0 58249
1742295053456 46.0 58299
1742295062887 46.0 58349
1742295072267 46.0 58399
1742295081690 46.0 58449
1742295091109 46.0 58499
1742295100531 46.0 58549
1742295109951 46.0 58599
1742295119374 46.0 58649
1742295128823 46.0 58699
1742295138225 46.0 58749
1742295160248 46.0 58749
1742295161173 46.0 58749
1742295171307 47.0 58799
1742295180675 47.0 58849
1742295190054 47.0 58899
1742295199455 47.0 58949
1742295208831 47.0 58999
1742295218213 47.0 59049
1742295227627 47.0 59099
1742295237004 47.0 59149
1742295246393 47.0 59199
1742295255787 47.0 59249
1742295265176 47.0 59299
1742295274582 47.0 59349
1742295283996 47.0 59399
1742295293384 47.0 59449
1742295302835 47.0 59499
1742295312279 47.0 59549
1742295321749 47.0 59599
1742295331188 47.0 59649
1742295340624 47.0 59699
1742295350037 47.0 59749
1742295359463 47.0 59799
1742295368925 47.0 59849
1742295378455 47.0 59899
1742295387917 47.0 59949
1742295397335 47.0 59999
1742295419261 47.0 59999
1742295420958 47.0 59999
1742295431053 48.0 60049
1742295440424 48.0 60099
1742295449827 48.0 60149
1742295459198 48.0 60199
1742295468611 48.0 60249
1742295477971 48.0 60299
1742295487372 48.0 60349
1742295496815 48.0 60399
1742295506175 48.0 60449
1742295515552 48.0 60499
1742295524981 48.0 60549
1742295534377 48.0 60599
1742295543782 48.0 60649
1742295553193 48.0 60699
1742295562646 48.0 60749
1742295572045 48.0 60799
1742295581455 48.0 60849
1742295590879 48.0 60899
1742295600294 48.0 60949
1742295609722 48.0 60999
1742295619149 48.0 61049
1742295628567 48.0 61099
1742295637997 48.0 61149
1742295647419 48.0 61199
1742295656833 48.0 61249
1742295678592 48.0 61249
1742295679459 48.0 61249
1742295689564 49.0 61299
1742295698937 49.0 61349
1742295708329 49.0 61399
1742295717732 49.0 61449
1742295727121 49.0 61499
1742295736536 49.0 61549
1742295745926 49.0 61599
1742295755350 49.0 61649
1742295764727 49.0 61699
1742295774115 49.0 61749
1742295783511 49.0 61799
1742295792960 49.0 61849
1742295802331 49.0 61899
1742295811728 49.0 61949
1742295821131 49.0 61999
1742295830504 49.0 62049
1742295839916 49.0 62099
1742295849341 49.0 62149
1742295858753 49.0 62199
1742295868151 49.0 62249
1742295877577 49.0 62299
1742295887007 49.0 62349
1742295896424 49.0 62399
1742295905861 49.0 62449
1742295915242 49.0 62499
1742295936895 49.0 62499
1742295937842 49.0 62499
1742296065538 50.0 62500
