1742283216358 0.5171874761581421 1249
1742283478492 0.20719310641288757 2499
1742283738316 0.14250710606575012 3749
1742284000377 0.11628658324480057 4999
1742284260313 0.09116501361131668 6249
1742284520375 0.08055268228054047 7499
1742284780748 0.06925387680530548 8749
1742285039480 0.0631323903799057 9999
1742285299102 0.05578825622797012 11249
1742285559988 0.048094574362039566 12499
1742285819083 0.04535198211669922 13749
1742286078215 0.04323707893490791 14999
1742286337590 0.039502840489149094 16249
1742286597425 0.03435743227601051 17499
1742286857223 0.0333644263446331 18749
1742287116641 0.02910023368895054 19999
1742287375954 0.029008055105805397 21249
1742287634315 0.02895774506032467 22499
1742287892878 0.026859557256102562 23749
1742288152746 0.026660967618227005 24999
1742288412119 0.02336064726114273 26249
1742288670956 0.022776655852794647 27499
1742288930818 0.021801408380270004 28749
1742289190156 0.02410237304866314 29999
1742289450348 0.01728081703186035 31249
1742289710554 0.018265945836901665 32499
1742289971176 0.0167851522564888 33749
1742290230428 0.017367130145430565 34999
1742290489295 0.01842975616455078 36249
1742290748716 0.014061407186090946 37499
1742291007972 0.013901516795158386 38749
1742291267750 0.012523970566689968 39999
1742291527877 0.01574135571718216 41249
1742291787997 0.011749941855669022 42499
1742292047474 0.011931090615689754 43749
1742292307809 0.012172657065093517 44999
1742292566955 0.014128047972917557 46249
1742292827006 0.011923512443900108 47499
1742293086610 0.010254181921482086 48749
1742293346264 0.012381895445287228 49999
1742293606217 0.00945333018898964 51249
1742293864675 0.010594034567475319 52499
1742294123561 0.010374420322477818 53749
1742294382725 0.00937025249004364 54999
1742294642870 0.009571751579642296 56249
1742294902276 0.009200080297887325 57499
1742295161173 0.009134512394666672 58749
1742295420958 0.008298629894852638 59999
1742295679459 0.008615702390670776 61249
1742295937842 0.00716468645259738 62499
