1742282965832 0.7163634300231934 49
1742282975374 0.8449878096580505 99
1742282984700 0.7558733820915222 149
1742282994057 0.5364479422569275 199
1742283003419 0.6003791093826294 249
1742283012848 0.811485767364502 299
1742283022225 0.680473804473877 349
1742283031612 0.4307733476161957 399
1742283041006 0.4436892867088318 449
1742283050408 0.7197874188423157 499
1742283059833 0.649513840675354 549
1742283069244 0.46412208676338196 599
1742283078759 0.4482543468475342 649
1742283088217 0.2735687494277954 699
1742283097669 0.47284308075904846 749
1742283107167 0.2803996503353119 799
1742283116614 0.1692766398191452 849
1742283126032 0.46257612109184265 899
1742283135461 0.23616713285446167 949
1742283144894 0.394846111536026 999
1742283154348 0.33274298906326294 1049
1742283163811 0.35934069752693176 1099
1742283173282 0.23423340916633606 1149
1742283182718 0.19383613765239716 1199
1742283192145 0.40378251671791077 1249
1742283226466 0.25660860538482666 1299
1742283235849 0.2630887031555176 1349
1742283245280 0.37363043427467346 1399
1742283254710 0.3190920352935791 1449
1742283264132 0.3753306567668915 1499
1742283273576 0.23951490223407745 1549
1742283282964 0.1862667351961136 1599
1742283292397 0.1818089634180069 1649
1742283301829 0.4161481261253357 1699
1742283311253 0.25250163674354553 1749
1742283320680 0.17792540788650513 1799
1742283330108 0.06266559660434723 1849
1742283339572 0.180617555975914 1899
1742283348991 0.08745305240154266 1949
1742283358426 0.2763027846813202 1999
1742283367877 0.16189271211624146 2049
1742283377323 0.0936657041311264 2099
1742283386780 0.18687479197978973 2149
1742283396194 0.24705266952514648 2199
1742283405640 0.11698958277702332 2249
1742283415076 0.2692347466945648 2299
1742283424525 0.12155192345380783 2349
1742283434003 0.09928785264492035 2399
1742283443477 0.06999383866786957 2449
1742283452926 0.18332289159297943 2499
1742283488625 0.23249047994613647 2549
1742283498036 0.18354305624961853 2599
1742283507460 0.07986079156398773 2649
1742283516895 0.13075534999370575 2699
1742283526297 0.2151542454957962 2749
1742283535730 0.11876468360424042 2799
1742283545119 0.18810208141803741 2849
1742283554505 0.12513364851474762 2899
1742283563952 0.13937917351722717 2949
1742283573368 0.2776114344596863 2999
1742283582811 0.054163943976163864 3049
1742283592225 0.12962955236434937 3099
1742283601652 0.08027990907430649 3149
1742283611107 0.18082858622074127 3199
1742283620544 0.1524367481470108 3249
1742283630011 0.1339360773563385 3299
1742283639455 0.1157945841550827 3349
1742283648900 0.0840197205543518 3399
1742283658344 0.08250630646944046 3449
1742283667785 0.08691229671239853 3499
1742283677231 0.03588349372148514 3549
1742283686675 0.044014450162649155 3599
1742283696106 0.13948211073875427 3649
1742283705571 0.13852769136428833 3699
1742283715001 0.231532022356987 3749
1742283748483 0.13784828782081604 3799
1742283757946 0.10740204155445099 3849
1742283767399 0.13116145133972168 3899
1742283776889 0.07115643471479416 3949
1742283786342 0.11281932145357132 3999
1742283795819 0.13541695475578308 4049
1742283805296 0.0847383663058281 4099
1742283814764 0.07617103308439255 4149
1742283824241 0.03537869453430176 4199
1742283833718 0.22167718410491943 4249
1742283843190 0.2046005129814148 4299
1742283852656 0.008845248259603977 4349
1742283862124 0.1685781478881836 4399
1742283871603 0.04359401762485504 4449
1742283881060 0.1065361350774765 4499
1742283890535 0.15682876110076904 4549
1742283900020 0.2591332197189331 4599
1742283909494 0.08453976362943649 4649
1742283919000 0.1288078874349594 4699
1742283928482 0.11949384957551956 4749
1742283937973 0.08602923899888992 4799
1742283947431 0.16743791103363037 4849
1742283956903 0.06158355996012688 4899
1742283966396 0.08098325878381729 4949
1742283975826 0.05595920607447624 4999
1742284010364 0.03305507451295853 5049
1742284019787 0.13963167369365692 5099
1742284029228 0.0730399489402771 5149
1742284038652 0.02677774801850319 5199
1742284048103 0.06195088475942612 5249
1742284057576 0.06456366926431656 5299
1742284067041 0.10135886073112488 5349
1742284076481 0.11057492345571518 5399
1742284085910 0.09016972780227661 5449
1742284095363 0.044507868587970734 5499
1742284104813 0.021751446649432182 5549
1742284114244 0.12397260963916779 5599
1742284123694 0.20108766853809357 5649
1742284133143 0.13406971096992493 5699
1742284142601 0.051414765417575836 5749
1742284152029 0.23784054815769196 5799
1742284161489 0.026851875707507133 5849
1742284170953 0.027460472658276558 5899
1742284180411 0.05532984808087349 5949
1742284189880 0.13307587802410126 5999
1742284199345 0.19375097751617432 6049
1742284208789 0.15671029686927795 6099
1742284218241 0.053314607590436935 6149
1742284227709 0.05036862567067146 6199
1742284237154 0.05650445818901062 6249
1742284270395 0.10537824034690857 6299
1742284279778 0.03433888033032417 6349
1742284289173 0.08466985821723938 6399
1742284298614 0.015399071387946606 6449
1742284308049 0.07906713336706161 6499
1742284317462 0.13503950834274292 6549
1742284326899 0.14632335305213928 6599
1742284336352 0.10276547819375992 6649
1742284345779 0.09213856607675552 6699
1742284355251 0.09081727266311646 6749
1742284364716 0.061926282942295074 6799
1742284374203 0.02963855117559433 6849
1742284383670 0.10572203248739243 6899
1742284393125 0.1065400093793869 6949
1742284402561 0.13290514051914215 6999
1742284412010 0.024646660313010216 7049
1742284421475 0.060920488089323044 7099
1742284430929 0.04128390923142433 7149
1742284440421 0.06170365586876869 7199
1742284449883 0.10435725003480911 7249
1742284459337 0.045574337244033813 7299
1742284468795 0.09060634672641754 7349
1742284478274 0.04031581059098244 7399
1742284487727 0.04692749306559563 7449
1742284497152 0.06602750718593597 7499
1742284530572 0.08101401478052139 7549
1742284540010 0.15916147828102112 7599
1742284549417 0.018883967772126198 7649
1742284558843 0.033086277544498444 7699
1742284568283 0.177693173289299 7749
1742284577715 0.08429986983537674 7799
1742284587130 0.0978742465376854 7849
1742284596550 0.08786021173000336 7899
1742284605999 0.21813324093818665 7949
1742284615414 0.08931484818458557 7999
1742284624837 0.13111846148967743 8049
1742284634295 0.07511308044195175 8099
1742284643750 0.05985930934548378 8149
1742284653199 0.12102512270212173 8199
1742284662641 0.13019394874572754 8249
1742284672101 0.014242047443985939 8299
1742284681562 0.12246176600456238 8349
1742284691014 0.015105895698070526 8399
1742284700501 0.00758327916264534 8449
1742284709986 0.11328911036252975 8499
1742284719464 0.0480453185737133 8549
1742284728930 0.05607340857386589 8599
1742284738406 0.04675326868891716 8649
1742284747868 0.08895864337682724 8699
1742284757320 0.08991216123104095 8749
1742284790774 0.055803898721933365 8799
1742284800169 0.048371002078056335 8849
1742284809618 0.019438769668340683 8899
1742284819065 0.06613338738679886 8949
1742284828471 0.06927388161420822 8999
1742284837872 0.04959369823336601 9049
1742284847266 0.03380920737981796 9099
1742284856683 0.07428232580423355 9149
1742284866094 0.020303208380937576 9199
1742284875496 0.02299124002456665 9249
1742284884926 0.056809570640325546 9299
1742284894364 0.21012555062770844 9349
1742284903777 0.06675990670919418 9399
1742284913220 0.11160103976726532 9449
1742284922648 0.00984882190823555 9499
1742284932082 0.0845717266201973 9549
1742284941518 0.049019910395145416 9599
1742284950925 0.05594231188297272 9649
1742284960368 0.05184077471494675 9699
1742284969801 0.1391584873199463 9749
1742284979246 0.08716102689504623 9799
1742284988677 0.02237188071012497 9849
1742284998139 0.033311035484075546 9899
1742285007604 0.09963437914848328 9949
1742285017022 0.04607617110013962 9999
1742285049481 0.02548019215464592 10049
1742285058896 0.03881092369556427 10099
1742285068303 0.11875782161951065 10149
1742285077713 0.018279118463397026 10199
1742285087125 0.04425652697682381 10249
1742285096504 0.052468594163656235 10299
1742285105908 0.015616715885698795 10349
1742285115316 0.08832748979330063 10399
1742285124707 0.028069669380784035 10449
1742285134087 0.015938447788357735 10499
1742285143518 0.042092181742191315 10549
1742285152943 0.03252757340669632 10599
1742285162371 0.03013026714324951 10649
1742285171812 0.09367391467094421 10699
1742285181267 0.0396394357085228 10749
1742285190707 0.05230868607759476 10799
1742285200137 0.02990741655230522 10849
1742285209597 0.01860167272388935 10899
1742285219062 0.03478025645017624 10949
1742285228497 0.01641801930963993 10999
1742285237952 0.04172200709581375 11049
1742285247436 0.054036945104599 11099
1742285257096 0.06257687509059906 11149
1742285266770 0.05719224736094475 11199
1742285276238 0.027926292270421982 11249
1742285309267 0.033694617450237274 11299
1742285318721 0.018392464146018028 11349
1742285328139 0.13325561583042145 11399
1742285337574 0.017306644469499588 11449
1742285347108 0.1509712040424347 11499
1742285356687 0.016747623682022095 11549
1742285366122 0.13216383755207062 11599
1742285375555 0.10071125626564026 11649
1742285385072 0.03148433193564415 11699
1742285394518 0.04119868203997612 11749
1742285403945 0.07539613544940948 11799
1742285413390 0.038357120007276535 11849
1742285422821 0.06463394314050674 11899
1742285432301 0.06266679614782333 11949
1742285441723 0.06290242820978165 11999
1742285451153 0.006503168493509293 12049
1742285460593 0.05918782204389572 12099
1742285470042 0.13724899291992188 12149
1742285479485 0.010745890438556671 12199
1742285488994 0.04427541792392731 12249
1742285498447 0.035873085260391235 12299
1742285507906 0.2894706726074219 12349
1742285517358 0.05746880918741226 12399
1742285526812 0.10812246799468994 12449
1742285536224 0.03286990523338318 12499
1742285570107 0.15860089659690857 12549
1742285579511 0.012332575395703316 12599
1742285588949 0.00887379888445139 12649
1742285598443 0.03603614121675491 12699
1742285607874 0.030002526938915253 12749
1742285617293 0.10116240382194519 12799
1742285626728 0.18038536608219147 12849
1742285636171 0.09984921663999557 12899
1742285645591 0.023459527641534805 12949
1742285655021 0.16139031946659088 12999
1742285664437 0.10325834900140762 13049
1742285673891 0.04094012454152107 13099
1742285683312 0.03227768465876579 13149
1742285692738 0.04257144406437874 13199
1742285702164 0.0510861873626709 13249
1742285711569 0.012444418855011463 13299
1742285721032 0.008609479293227196 13349
1742285730481 0.0107000432908535 13399
1742285739928 0.04867832735180855 13449
1742285749349 0.13014961779117584 13499
1742285758791 0.01417435985058546 13549
1742285768247 0.01644439809024334 13599
1742285777728 0.051309239119291306 13649
1742285787189 0.0028965540695935488 13699
1742285796614 0.048859138041734695 13749
1742285829127 0.2704848051071167 13799
1742285838523 0.04083926975727081 13849
1742285847956 0.021144287660717964 13899
1742285857394 0.022630006074905396 13949
1742285866819 0.4064071774482727 13999
1742285876238 0.036195337772369385 14049
1742285885660 0.0031315740197896957 14099
1742285895091 0.0635840892791748 14149
1742285904525 0.0613027960062027 14199
1742285913917 0.0481286346912384 14249
1742285923344 0.02299947664141655 14299
1742285932741 0.05483800172805786 14349
1742285942164 0.0530150905251503 14399
1742285951582 0.013780887238681316 14449
1742285961027 0.04091249778866768 14499
1742285970424 0.05415097251534462 14549
1742285979831 0.12055541574954987 14599
1742285989272 0.030410584062337875 14649
1742285998711 0.005793061573058367 14699
1742286008150 0.015636911615729332 14749
1742286017592 0.025046374648809433 14799
1742286027045 0.02785976603627205 14849
1742286036508 0.008424652740359306 14899
1742286045925 0.11294715851545334 14949
1742286055438 0.007695198059082031 14999
1742286088270 0.03374266251921654 15049
1742286097659 0.028458263725042343 15099
1742286107070 0.0035037649795413017 15149
1742286116471 0.018818555399775505 15199
1742286125844 0.1050589457154274 15249
1742286135259 0.01850479654967785 15299
1742286144679 0.01939915120601654 15349
1742286154112 0.004583681933581829 15399
1742286163536 0.13353444635868073 15449
1742286172954 0.08257889002561569 15499
1742286182378 0.10300082713365555 15549
1742286191818 0.06792924553155899 15599
1742286201262 0.013814808800816536 15649
1742286210715 0.012884148396551609 15699
1742286220168 0.002957978518679738 15749
1742286229599 0.010985569097101688 15799
1742286239034 0.0034719768445938826 15849
1742286248487 0.04316031560301781 15899
1742286257911 0.0325794480741024 15949
1742286267347 0.020798027515411377 15999
1742286276799 0.007757263258099556 16049
1742286286239 0.04583030939102173 16099
1742286295684 0.009605998173356056 16149
1742286305129 0.05050918087363243 16199
1742286314556 0.03206567466259003 16249
1742286347758 0.046027977019548416 16299
1742286357159 0.05157028138637543 16349
1742286366550 0.02583562768995762 16399
1742286375978 0.015740271657705307 16449
1742286385411 0.013657929375767708 16499
1742286394830 0.00042924462468363345 16549
1742286404273 0.030008407309651375 16599
1742286413703 0.0691615417599678 16649
1742286423118 0.013074272312223911 16699
1742286432548 0.03892785310745239 16749
1742286441933 0.008762442506849766 16799
1742286451359 0.011338476091623306 16849
1742286460786 0.023162882775068283 16899
1742286470256 0.055427733808755875 16949
1742286479703 0.01239524595439434 16999
1742286489152 0.12910214066505432 17049
1742286498593 0.05680492892861366 17099
1742286508042 0.05657757818698883 17149
1742286517495 0.0033629818353801966 17199
1742286526961 0.0061700474470853806 17249
1742286536401 0.031049694865942 17299
1742286545847 0.0433867871761322 17349
1742286555315 0.03325360640883446 17399
1742286564770 0.014098291285336018 17449
1742286574182 0.02834358625113964 17499
1742286607411 0.10579440742731094 17549
1742286616836 0.0052969553507864475 17599
1742286626235 0.009321804158389568 17649
1742286635656 0.017342638224363327 17699
1742286645073 0.02751222252845764 17749
1742286654511 0.022469066083431244 17799
1742286663956 0.033961329609155655 17849
1742286673383 0.042802903801202774 17899
1742286682826 0.014211880974471569 17949
1742286692239 0.08479055762290955 17999
1742286701731 0.003292565466836095 18049
1742286711145 0.008684002794325352 18099
1742286720565 0.03286227956414223 18149
1742286730002 0.006114709656685591 18199
1742286739433 0.008654673583805561 18249
1742286748879 0.010797802358865738 18299
1742286758342 0.03980187326669693 18349
1742286767777 0.010385444387793541 18399
1742286777214 0.0054246000945568085 18449
1742286786661 0.013327141292393208 18499
1742286796062 0.03405299410223961 18549
1742286805514 0.025172853842377663 18599
1742286814976 0.004997009411454201 18649
1742286824432 0.06046753749251366 18699
1742286833855 0.006167125888168812 18749
1742286867343 0.11337321251630783 18799
1742286876754 0.05290405824780464 18849
1742286886164 0.011290679685771465 18899
1742286895594 0.07525315880775452 18949
1742286905000 0.005115790292620659 18999
1742286914413 0.010310102254152298 19049
1742286923829 0.032035939395427704 19099
1742286933226 0.2078077495098114 19149
1742286942644 0.009664790704846382 19199
1742286952051 0.007592711132019758 19249
1742286961485 0.01755823940038681 19299
1742286970902 0.025997698307037354 19349
1742286980323 0.004540052264928818 19399
1742286989757 0.08200749009847641 19449
1742286999195 0.05626649037003517 19499
1742287008642 0.06932535022497177 19549
1742287018096 0.0019802942406386137 19599
1742287027547 0.047052960842847824 19649
1742287036972 0.08209383487701416 19699
1742287046396 0.05302468314766884 19749
1742287055842 0.08146949112415314 19799
1742287065278 0.012840011157095432 19849
1742287074714 0.03519543632864952 19899
1742287084152 0.05751068517565727 19949
1742287093587 0.013956145383417606 19999
1742287126676 0.04372096061706543 20049
1742287136056 0.002080976264551282 20099
1742287145458 0.03634854033589363 20149
1742287154875 0.008174838498234749 20199
1742287164286 0.004836162552237511 20249
1742287173728 0.00902334414422512 20299
1742287183141 0.007397118024528027 20349
1742287192576 0.005248913541436195 20399
1742287202017 0.058368247002363205 20449
1742287211441 0.04990363493561745 20499
1742287220873 0.04993869364261627 20549
1742287230280 0.0035791699774563313 20599
1742287239706 0.06841080635786057 20649
1742287249152 0.03755086287856102 20699
1742287258585 0.0016907877288758755 20749
1742287268016 0.006115541327744722 20799
1742287277445 0.041380446404218674 20849
1742287286901 0.004853757098317146 20899
1742287296348 0.021039683371782303 20949
1742287305815 0.006324111018329859 20999
1742287315226 0.01157742366194725 21049
1742287324684 0.0021668204572051764 21099
1742287334139 0.04225606843829155 21149
1742287343589 0.0016302209114655852 21199
1742287353017 0.06278207898139954 21249
1742287385998 0.017732450738549232 21299
1742287395414 0.001542515936307609 21349
1742287404812 0.043220482766628265 21399
1742287414208 0.0030250027775764465 21449
1742287423611 0.08338763564825058 21499
1742287433024 0.002173636108636856 21549
1742287442423 0.01809733174741268 21599
1742287451812 0.05312871187925339 21649
1742287461218 0.007558412384241819 21699
1742287470615 0.015359312295913696 21749
1742287480034 0.024979548528790474 21799
1742287489430 0.002484487136825919 21849
1742287498896 0.001080597285181284 21899
1742287508289 0.06284977495670319 21949
1742287517687 0.02794111892580986 21999
1742287527107 0.004852535203099251 22049
1742287536518 0.005321824923157692 22099
1742287545923 0.01156572438776493 22149
1742287555360 0.04770231246948242 22199
1742287564792 0.058900587260723114 22249
1742287574207 0.00012249575229361653 22299
1742287583656 0.0036879940889775753 22349
1742287593088 0.008888104930520058 22399
1742287602526 0.03602417930960655 22449
1742287611941 0.007848279550671577 22499
1742287644376 0.020114565268158913 22549
1742287653750 0.016624122858047485 22599
1742287663170 0.001679593464359641 22649
1742287672548 0.013057846575975418 22699
1742287681940 0.019818520173430443 22749
1742287691371 0.07647333294153214 22799
1742287700794 0.014569610357284546 22849
1742287710198 0.05074117332696915 22899
1742287719601 0.007724325638264418 22949
1742287729010 0.003859798889607191 22999
1742287738394 0.03690781444311142 23049
1742287747796 0.0019824206829071045 23099
1742287757199 0.00551571836695075 23149
1742287766632 0.013545584864914417 23199
1742287776054 0.013495782390236855 23249
1742287785467 0.0037490269169211388 23299
1742287794923 0.011480068787932396 23349
1742287804362 0.02805319055914879 23399
1742287813797 0.034813567996025085 23449
1742287823214 0.005570949520915747 23499
1742287832626 0.0026357853785157204 23549
1742287842070 0.009645303711295128 23599
1742287851507 0.0034517450258135796 23649
1742287860935 0.07671023905277252 23699
1742287870368 0.011644052341580391 23749
1742287902938 0.05648292973637581 23799
1742287912322 0.004321181681007147 23849
1742287921739 0.009267040528357029 23899
1742287931132 0.0007029729895293713 23949
1742287940600 0.05137132853269577 23999
1742287950009 0.009081067517399788 24049
1742287959437 0.12987321615219116 24099
1742287968851 0.006893401499837637 24149
1742287978242 0.06248163431882858 24199
1742287987655 0.003934226464480162 24249
1742287997060 0.0007720260182395577 24299
1742288006475 0.0017741832416504622 24349
1742288015861 0.020440833643078804 24399
1742288025280 0.00956369936466217 24449
1742288034721 0.013013163581490517 24499
1742288044181 0.0015927661443129182 24549
1742288053590 0.0584392324090004 24599
1742288063012 0.006820871960371733 24649
1742288072460 0.006571092642843723 24699
1742288081889 0.003206658875569701 24749
1742288091312 0.04426351934671402 24799
1742288100741 0.03635905683040619 24849
1742288110182 0.004955645650625229 24899
1742288119626 0.01868840865790844 24949
1742288129049 0.01476659532636404 24999
1742288162836 0.0065712775103747845 25049
1742288172244 0.006418904755264521 25099
1742288181651 0.005019327159970999 25149
1742288191062 0.005611029919236898 25199
1742288200471 0.026238102465867996 25249
1742288209902 0.07354433089494705 25299
1742288219316 0.05536128953099251 25349
1742288228753 0.11980830132961273 25399
1742288238199 0.06594561785459518 25449
1742288247642 0.056064754724502563 25499
1742288257090 0.051548101007938385 25549
1742288266505 0.004147646017372608 25599
1742288275932 0.04514511302113533 25649
1742288285360 0.006206836551427841 25699
1742288294771 0.11078939586877823 25749
1742288304204 0.014607902616262436 25799
1742288313646 0.0019426748622208834 25849
1742288323100 0.0025982027873396873 25899
1742288332539 0.010214108042418957 25949
1742288341981 0.011098667979240417 25999
1742288351416 0.006159097887575626 26049
1742288360860 0.047311969101428986 26099
1742288370344 0.03719673305749893 26149
1742288379754 0.009232349693775177 26199
1742288389160 0.006904032081365585 26249
1742288422273 0.027675868943333626 26299
1742288431686 0.004016117658466101 26349
1742288441079 0.0053542302921414375 26399
1742288450478 0.009356621652841568 26449
1742288459875 0.006870373152196407 26499
1742288469249 0.02470914088189602 26549
1742288478664 0.0014602314913645387 26599
1742288488101 0.0020995470695197582 26649
1742288497497 0.013612613081932068 26699
1742288506921 0.005844233091920614 26749
1742288516316 0.01723458617925644 26799
1742288525746 0.04011121392250061 26849
1742288535147 0.00271259224973619 26899
1742288544579 0.007804250344634056 26949
1742288554046 0.07847393304109573 26999
1742288563510 0.007563512306660414 27049
1742288572936 0.013167663477361202 27099
1742288582378 0.0008748264517635107 27149
1742288591841 0.018614135682582855 27199
1742288601262 0.001358622219413519 27249
1742288610711 0.004303350578993559 27299
1742288620152 0.0228114053606987 27349
1742288629617 0.05702599883079529 27399
1742288639055 0.0003956794971600175 27449
1742288648436 0.001103541231714189 27499
1742288680999 0.0035348935052752495 27549
1742288690422 0.012640959583222866 27599
1742288699789 0.048196256160736084 27649
1742288709186 0.012269400991499424 27699
1742288718605 0.010360760614275932 27749
1742288727993 0.006445181090384722 27799
1742288737411 0.0038435624446719885 27849
1742288746849 0.04422793164849281 27899
1742288756334 0.02698967233300209 27949
1742288765734 0.03678514435887337 27999
1742288775162 0.06433392316102982 28049
1742288784611 0.011959380470216274 28099
1742288794021 0.01726345717906952 28149
1742288803456 0.0054932706989347935 28199
1742288812889 0.002940458245575428 28249
1742288822340 0.0019820970483124256 28299
1742288831778 0.007576490752398968 28349
1742288841296 0.02619614079594612 28399
1742288850771 0.05696331709623337 28449
1742288860236 0.0210266150534153 28499
1742288869654 0.1572786271572113 28549
1742288879086 0.06359156221151352 28599
1742288888537 0.016446193680167198 28649
1742288898018 0.03789878636598587 28699
1742288907448 0.030728930607438087 28749
1742288940867 0.0022822741884738207 28799
1742288950282 0.005410329904407263 28849
1742288959679 0.045311205089092255 28899
1742288969108 0.0010988641297444701 28949
1742288978535 0.0016227636951953173 28999
1742288987954 0.025124933570623398 29049
1742288997349 0.02325606718659401 29099
1742289006762 0.07319991290569305 29149
1742289016166 0.011770159937441349 29199
1742289025606 0.0007967972196638584 29249
1742289035015 0.0006116209551692009 29299
1742289044454 0.02706858143210411 29349
1742289053857 0.01316817756742239 29399
1742289063265 0.017669731751084328 29449
1742289072684 0.003666303586214781 29499
1742289082090 0.07956171780824661 29549
1742289091516 0.030373884364962578 29599
1742289100930 0.03567193076014519 29649
1742289110379 0.020369019359350204 29699
1742289119811 0.002609641058370471 29749
1742289129217 0.06564577668905258 29799
1742289138641 0.0020791152492165565 29849
1742289148074 0.005041192751377821 29899
1742289157557 0.01128451433032751 29949
1742289167008 0.008681700564920902 29999
1742289200267 0.009288424625992775 30049
1742289209653 0.024072088301181793 30099
1742289219043 0.0014782579382881522 30149
1742289228457 0.0031576151959598064 30199
1742289237859 0.001862197183072567 30249
1742289247278 0.00010188130545429885 30299
1742289256709 0.012080534361302853 30349
1742289266126 0.01759554073214531 30399
1742289275559 0.011818725615739822 30449
1742289284984 0.010452733375132084 30499
1742289294447 0.0022430859971791506 30549
1742289303858 0.06157291680574417 30599
1742289313291 0.0017414091853424907 30649
1742289322730 0.0038537706714123487 30699
1742289332169 0.032843105494976044 30749
1742289341619 0.008728914894163609 30799
1742289351048 0.0634162425994873 30849
1742289360493 0.001808683853596449 30899
1742289369931 0.0064740958623588085 30949
1742289379402 0.050538621842861176 30999
1742289388852 0.010517002083361149 31049
1742289398300 0.0015811205375939608 31099
1742289407763 0.03955039009451866 31149
1742289417213 0.0024485813919454813 31199
1742289426636 0.05046732723712921 31249
1742289460513 0.005981322843581438 31299
1742289469917 0.021810872480273247 31349
1742289479302 0.0009189734701067209 31399
1742289488748 0.007046244107186794 31449
1742289498156 0.0015946966595947742 31499
1742289507583 0.0037393271923065186 31549
1742289516973 0.027494069188833237 31599
1742289526393 0.01659480296075344 31649
1742289535813 0.007087589241564274 31699
1742289545221 0.0015545609639957547 31749
1742289554646 0.06001952663064003 31799
1742289564042 0.008231811225414276 31849
1742289573450 0.016926322132349014 31899
1742289582896 0.0038738087750971317 31949
1742289592336 0.0028168975841253996 31999
1742289601803 0.003328638384118676 32049
1742289611216 0.0014187069609761238 32099
1742289620622 0.011772620491683483 32149
1742289630056 0.0030257683247327805 32199
1742289639480 0.019426438957452774 32249
1742289648918 0.016302859410643578 32299
1742289658362 0.005518158432096243 32349
1742289667820 0.0027802924159914255 32399
1742289677257 0.0012719830265268683 32449
1742289686678 0.09768867492675781 32499
1742289720689 0.002443864708766341 32549
1742289730101 0.0007815450080670416 32599
1742289739524 0.0017835628241300583 32649
1742289748942 0.012842387892305851 32699
1742289758385 0.013384114019572735 32749
1742289767824 0.015126620419323444 32799
1742289777252 0.025784466415643692 32849
1742289786657 0.000455054163467139 32899
1742289796096 0.0693100318312645 32949
1742289805528 0.005821044556796551 32999
1742289814953 0.02972513437271118 33049
1742289824382 0.08007244765758514 33099
1742289833821 0.0387643501162529 33149
1742289843222 0.024836838245391846 33199
1742289852679 0.0025481798220425844 33249
1742289862125 0.0016662884736433625 33299
1742289871535 0.0008613600512035191 33349
1742289880960 0.013736968860030174 33399
1742289890405 0.0019196892390027642 33449
1742289899836 0.0007361997850239277 33499
1742289909273 0.0004820781177841127 33549
1742289918700 0.019536878913640976 33599
1742289928153 0.03571191057562828 33649
1742289937593 0.003621061099693179 33699
1742289946999 0.0069702197797596455 33749
1742289981238 0.003053375519812107 33799
1742289990622 0.016683077439665794 33849
1742290000044 0.0920976921916008 33899
1742290009451 0.001180299324914813 33949
1742290018859 0.011561443097889423 33999
1742290028288 0.002499579219147563 34049
1742290037723 0.0841430053114891 34099
1742290047133 0.0005535118980333209 34149
1742290056547 0.011505095288157463 34199
1742290065976 0.008892527781426907 34249
1742290075416 0.0007179679814726114 34299
1742290084814 0.009974277578294277 34349
1742290094226 0.00349399633705616 34399
1742290103677 0.00032641776488162577 34449
1742290113098 0.015092451125383377 34499
1742290122537 0.004611921031028032 34549
1742290131926 0.06368250399827957 34599
1742290141343 0.0003486278874333948 34649
1742290150771 0.0010737464763224125 34699
1742290160218 0.04365796968340874 34749
1742290169671 0.023303592577576637 34799
1742290179105 0.024634569883346558 34849
1742290188557 0.006532685831189156 34899
1742290198012 0.0014315375592559576 34949
1742290207417 0.0006256125052459538 34999
1742290240505 0.007506724447011948 35049
1742290249915 0.011584043502807617 35099
1742290259323 0.0009854828240349889 35149
1742290268744 0.0008784502279013395 35199
1742290278155 0.007531151175498962 35249
1742290287578 0.003161999862641096 35299
1742290297014 0.003834638511762023 35349
1742290306466 0.0032405105885118246 35399
1742290315906 0.01813807338476181 35449
1742290325350 0.0006475002155639231 35499
1742290334803 0.09408973157405853 35549
1742290344229 0.007019105367362499 35599
1742290353698 0.0004187558079138398 35649
1742290363150 0.016115471720695496 35699
1742290372628 0.000778305227868259 35749
1742290382060 0.01719399355351925 35799
1742290391502 0.0030281804502010345 35849
1742290400948 0.0024019067641347647 35899
1742290410385 0.019147122278809547 35949
1742290419804 0.030862385407090187 35999
1742290429237 0.011089443229138851 36049
1742290438669 0.0876661092042923 36099
1742290448127 0.012376783415675163 36149
1742290457588 0.00843323115259409 36199
1742290467018 0.015972908586263657 36249
1742290499383 0.0028894837014377117 36299
1742290508762 0.007784608751535416 36349
1742290518185 0.008238024078309536 36399
1742290527588 0.05374160408973694 36449
1742290536999 0.0009826438035815954 36499
1742290546380 0.0005254729185253382 36549
1742290555779 0.00017541760462336242 36599
1742290565192 0.10151327401399612 36649
1742290574624 0.0017288249218836427 36699
1742290584029 0.003949375357478857 36749
1742290593468 0.0006499873707070947 36799
1742290602896 0.00035544094862416387 36849
1742290612304 0.003666405566036701 36899
1742290621717 0.0038880009669810534 36949
1742290631121 0.0009976712753996253 36999
1742290640586 0.001194191980175674 37049
1742290650039 0.004276134539395571 37099
1742290659514 0.010011634789407253 37149
1742290668936 0.025447184219956398 37199
1742290678365 0.001058107358403504 37249
1742290687810 0.01750789023935795 37299
1742290697256 0.010834301821887493 37349
1742290706716 0.01525094360113144 37399
1742290716175 0.03026793710887432 37449
1742290725591 0.011896436102688313 37499
1742290758695 0.016848698258399963 37549
1742290768077 0.00517682172358036 37599
1742290777488 0.0008641082677058876 37649
1742290786904 0.0034488188102841377 37699
1742290796307 0.0013850010000169277 37749
1742290805706 0.011851804330945015 37799
1742290815113 0.004647641442716122 37849
1742290824523 0.051939357072114944 37899
1742290833945 0.04186280444264412 37949
1742290843389 0.0007846537046134472 37999
1742290852831 0.008480073884129524 38049
1742290862248 0.03187980130314827 38099
1742290871683 0.0014568812912330031 38149
1742290881085 0.02435862459242344 38199
1742290890502 0.008223745040595531 38249
1742290899930 0.020275568589568138 38299
1742290909339 0.0001496428158134222 38349
1742290918785 3.55261581717059e-05 38399
1742290928204 0.03565451502799988 38449
1742290937659 0.04628106951713562 38499
1742290947106 0.0642448291182518 38549
1742290956553 0.008382532745599747 38599
1742290966019 0.007044974714517593 38649
1742290975462 0.004535595420747995 38699
1742290984885 0.0012930125230923295 38749
1742291018089 0.00256500206887722 38799
1742291027526 0.0011674257693812251 38849
1742291036929 0.0005991472862660885 38899
1742291046339 0.02281418815255165 38949
1742291055753 0.011650118045508862 38999
1742291065170 0.0012056347914040089 39049
1742291074579 0.07995043694972992 39099
1742291084007 0.06593393534421921 39149
1742291093402 0.0643078163266182 39199
1742291102811 0.005164694041013718 39249
1742291112194 0.0016398309962823987 39299
1742291121612 0.018806112930178642 39349
1742291131032 0.0001736319245537743 39399
1742291140465 0.01838916912674904 39449
1742291149908 0.04967912659049034 39499
1742291159327 0.04714588075876236 39549
1742291168753 0.00456340704113245 39599
1742291178200 0.0015224654925987124 39649
1742291187618 0.0008355412282980978 39699
1742291197030 0.0001520379155408591 39749
1742291206468 0.0008275856380350888 39799
1742291215924 0.02790077216923237 39849
1742291225379 0.02188139222562313 39899
1742291234838 0.012091648764908314 39949
1742291244267 0.0030888537876307964 39999
1742291277905 0.00030036066891625524 40049
1742291287310 0.012057044543325901 40099
1742291296719 0.0017024730332195759 40149
1742291306082 0.0027026361785829067 40199
1742291315482 0.0004709760833065957 40249
1742291324879 0.015119198709726334 40299
1742291334271 0.016074685379862785 40349
1742291343785 0.003389644203707576 40399
1742291353155 0.0011783639201894403 40449
1742291362579 0.03102945350110531 40499
1742291372004 0.0031155478209257126 40549
1742291381439 0.03170692175626755 40599
1742291390854 0.002690432360395789 40649
1742291400286 0.0007874131551943719 40699
1742291409690 0.0017287770751863718 40749
1742291419138 0.004040643572807312 40799
1742291428576 0.001186717301607132 40849
1742291438020 0.0025861146859824657 40899
1742291447465 0.0026386557146906853 40949
1742291456898 0.001777183380909264 40999
1742291466339 0.016828307881951332 41049
1742291475789 0.017541084438562393 41099
1742291485240 0.0006739133968949318 41149
1742291494682 0.0020907269790768623 41199
1742291504074 0.048984166234731674 41249
1742291538025 0.015733297914266586 41299
1742291547439 0.00019252799393143505 41349
1742291556872 0.003793073818087578 41399
1742291566281 0.0001403468631906435 41449
1742291575670 0.006847381126135588 41499
1742291585056 0.004217140842229128 41549
1742291594458 0.020879022777080536 41599
1742291603850 0.0012835036031901836 41649
1742291613234 0.003518778597936034 41699
1742291622654 0.0011408700374886394 41749
1742291632062 0.012639319524168968 41799
1742291641481 0.00022321588767226785 41849
1742291650864 0.001563958008773625 41899
1742291660266 0.0006126162479631603 41949
1742291669677 0.009878970682621002 41999
1742291679153 0.00011662022006930783 42049
1742291688569 0.00025433319387957454 42099
1742291697992 0.05552477762103081 42149
1742291707424 0.0248482134193182 42199
1742291716838 0.001953852828592062 42249
1742291726262 0.0047396947629749775 42299
1742291735706 3.2146668672794476e-05 42349
1742291745164 0.0005037072696723044 42399
1742291754582 0.00036441179690882564 42449
1742291763977 0.005995186045765877 42499
1742291798133 0.00019322041771374643 42549
1742291807526 0.004186749458312988 42599
1742291816911 0.0002691311528906226 42649
1742291826312 0.015895631164312363 42699
1742291835713 0.007684397976845503 42749
1742291845118 0.005307331681251526 42799
1742291854540 0.012260080315172672 42849
1742291863956 0.0006240239017643034 42899
1742291873385 0.0006213787128217518 42949
1742291882795 0.020126167684793472 42999
1742291892236 0.039024773985147476 43049
1742291901654 5.084073563921265e-05 43099
1742291911086 0.0033100517466664314 43149
1742291920495 0.0002622358442749828 43199
1742291929925 0.005554351955652237 43249
1742291939346 0.0012812255881726742 43299
1742291948743 0.0011665613856166601 43349
1742291958167 0.002989881904795766 43399
1742291967590 0.0017938573146238923 43449
1742291976997 0.04095052182674408 43499
1742291986417 0.008145647123456001 43549
1742291995822 0.004233295563608408 43599
1742292005259 0.05096995085477829 43649
1742292014674 0.0022383558098226786 43699
1742292024100 0.0015198398614302278 43749
1742292057549 0.00045647736988030374 43799
1742292066902 0.018412332981824875 43849
1742292076326 0.0008228614460676908 43899
1742292085737 0.0001487215340603143 43949
1742292095136 0.0010945572284981608 43999
1742292104521 0.00022790080402046442 44049
1742292113939 0.010377734899520874 44099
1742292123350 0.0022576346527785063 44149
1742292132761 0.010976545512676239 44199
1742292142189 0.02486586943268776 44249
1742292151602 0.012080133892595768 44299
1742292161032 0.0014317719032987952 44349
1742292170453 0.06107137352228165 44399
1742292179874 0.006722292862832546 44449
1742292189284 0.0005614196415990591 44499
1742292198689 0.0496717169880867 44549
1742292208128 0.01756611093878746 44599
1742292217556 0.001774676376953721 44649
1742292226938 0.004353521391749382 44699
1742292236388 0.000656409130897373 44749
1742292245822 0.001557465409860015 44799
1742292255243 0.00771311204880476 44849
1742292264686 0.00023363190121017396 44899
1742292274132 0.0014907227596268058 44949
1742292283567 0.039894044399261475 44999
1742292317927 0.00012489082291722298 45049
1742292327322 0.025822008028626442 45099
1742292336708 0.03277524188160896 45149
1742292346101 0.003111662110313773 45199
1742292355508 0.0002201326860813424 45249
1742292364930 0.0019644158892333508 45299
1742292374326 0.008279746398329735 45349
1742292383697 0.01101477537304163 45399
1742292393085 0.013928134925663471 45449
1742292402479 0.003616283880546689 45499
1742292411902 0.00439063087105751 45549
1742292421315 0.008085506968200207 45599
1742292430748 0.003136818064376712 45649
1742292440176 0.005624217446893454 45699
1742292449585 8.730022091185674e-05 45749
1742292459074 0.00035940014640800655 45799
1742292468498 0.009894235990941525 45849
1742292477934 0.0005068767932243645 45899
1742292487329 0.0006204567616805434 45949
1742292496751 0.0012973384000360966 45999
1742292506190 0.0008589120116084814 46049
1742292515595 0.00021114046103321016 46099
1742292525014 0.006714240647852421 46149
1742292534419 0.005089161917567253 46199
1742292543801 0.0012950485106557608 46249
1742292577071 0.00220043258741498 46299
1742292586447 6.229451537365094e-05 46349
1742292595811 0.0023096667136996984 46399
1742292605208 2.9083017579978332e-05 46449
1742292614574 0.012676792219281197 46499
1742292623953 0.0018992233090102673 46549
1742292633388 0.027189167216420174 46599
1742292642772 0.00028078502509742975 46649
1742292652171 0.00011297690798528492 46699
1742292661582 0.1127624660730362 46749
1742292670986 0.004899087827652693 46799
1742292680410 0.0040879035368561745 46849
1742292689849 0.012849700637161732 46899
1742292699260 0.00575995072722435 46949
1742292708650 0.0005895994254387915 46999
1742292718054 0.000909545284230262 47049
1742292727487 0.01733977161347866 47099
1742292736895 0.003626028774306178 47149
1742292746335 0.00017773560830391943 47199
1742292755783 0.005079801194369793 47249
1742292765213 0.0010203878628090024 47299
1742292774634 0.0004363653715699911 47349
1742292784075 0.057229313999414444 47399
1742292793521 0.02008941024541855 47449
1742292802923 0.0003275240305811167 47499
1742292837131 0.02267037145793438 47549
1742292846511 0.004474384244531393 47599
1742292855905 0.03388643637299538 47649
1742292865302 0.021323515102267265 47699
1742292874701 0.003585831029340625 47749
1742292884098 0.005828414112329483 47799
1742292893501 3.963663402828388e-05 47849
1742292902924 0.0010713932570070028 47899
1742292912329 0.001402410096488893 47949
1742292921726 0.0015684399986639619 47999
1742292931089 0.004063931293785572 48049
1742292940511 0.0009243022068403661 48099
1742292949933 0.00020165897149126977 48149
1742292959354 0.011127753183245659 48199
1742292968751 0.002370757982134819 48249
1742292978158 0.006102429702877998 48299
1742292987581 0.0005085148732177913 48349
1742292997001 0.0036303403321653605 48399
1742293006425 0.0015183420618996024 48449
1742293015845 0.0035906017292290926 48499
1742293025294 0.017117323353886604 48549
1742293034729 0.0027442388236522675 48599
1742293044201 8.170842193067074e-05 48649
1742293053661 0.0026955765206366777 48699
1742293063085 0.0025639566592872143 48749
1742293096700 0.0031765124294906855 48799
1742293106064 0.03161465376615524 48849
1742293115460 0.00021728844149038196 48899
1742293124853 0.0006457817507907748 48949
1742293134257 0.000660983903799206 48999
1742293143691 0.00163229089230299 49049
1742293153079 0.10659333318471909 49099
1742293162451 0.0010216340888291597 49149
1742293171853 0.01603582128882408 49199
1742293181265 0.00011744744551833719 49249
1742293190667 0.005548655521124601 49299
1742293200059 0.00023815326858311892 49349
1742293209482 0.008060594089329243 49399
1742293218895 0.02830936573445797 49449
1742293228327 0.013881183229386806 49499
1742293237744 0.002278112107887864 49549
1742293247189 0.00012328079901635647 49599
1742293256671 0.0019035435980185866 49649
1742293266101 0.007579044904559851 49699
1742293275529 0.006339534651488066 49749
1742293284976 0.012075855396687984 49799
1742293294397 0.05294555798172951 49849
1742293303848 0.029262937605381012 49899
1742293313293 0.0007107454584911466 49949
1742293322707 0.004040527623146772 49999
1742293356456 0.0017372089205309749 50049
1742293365839 0.0001317337591899559 50099
1742293375209 0.00030270853312686086 50149
1742293384580 0.006654085125774145 50199
1742293393988 0.008984657935798168 50249
1742293403442 0.005330178886651993 50299
1742293412879 0.00825054757297039 50349
1742293422285 0.0005156316328793764 50399
1742293431693 0.0886206105351448 50449
1742293441110 0.003816114505752921 50499
1742293450498 0.0015765788266435266 50549
1742293459925 0.0005554287345148623 50599
1742293469330 0.004888191353529692 50649
1742293478740 0.0015805736184120178 50699
1742293488153 0.009552094154059887 50749
1742293497579 0.004278053063899279 50799
1742293507028 0.004305417183786631 50849
1742293516448 0.0017506969161331654 50899
1742293525874 0.0012340325629338622 50949
1742293535304 0.002360055223107338 50999
1742293544754 0.05517192557454109 51049
1742293554211 0.03392943739891052 51099
1742293563651 0.0012524366611614823 51149
1742293573104 0.0912877768278122 51199
1742293582499 0.0005542547442018986 51249
1742293616318 0.0012034387327730656 51299
1742293625736 0.0006168332183733582 51349
1742293635136 0.00100529077462852 51399
1742293644532 0.03804425895214081 51449
1742293653951 0.06687073409557343 51499
1742293663370 0.0010931374272331595 51549
1742293672736 0.06901858747005463 51599
1742293682137 0.007421827409416437 51649
1742293691564 0.007042357698082924 51699
1742293700991 0.0001518804201623425 51749
1742293710407 0.002683217404410243 51799
1742293719798 0.00045269212569110096 51849
1742293729203 0.0019497000612318516 51899
1742293738611 0.015459120273590088 51949
1742293748005 0.0021375350188463926 51999
1742293757409 0.0037372647784650326 52049
1742293766812 0.0017599964048713446 52099
1742293776218 0.015224338509142399 52149
1742293785609 0.010155308991670609 52199
1742293795021 0.007862122729420662 52249
1742293804452 0.0009016397525556386 52299
1742293813903 0.000258248153841123 52349
1742293823345 0.006547892466187477 52399
1742293832745 5.519634942174889e-05 52449
1742293842125 0.002181064570322633 52499
1742293874790 0.0007392128463834524 52549
1742293884171 0.001243662554770708 52599
1742293893602 0.00012879045971203595 52649
1742293903015 0.03510231524705887 52699
1742293912394 0.02895817533135414 52749
1742293921808 0.0008128201006911695 52799
1742293931192 0.0008914311765693128 52849
1742293940586 0.00028674484929069877 52899
1742293949987 0.0067354352213442326 52949
1742293959434 0.0034667772706598043 52999
1742293968854 0.001331886276602745 53049
1742293978269 0.0007840496255084872 53099
1742293987688 0.00014577535330317914 53149
1742293997107 0.0020686129573732615 53199
1742294006525 0.010899660177528858 53249
1742294016023 0.0006319854874163866 53299
1742294025452 0.02208714559674263 53349
1742294034910 0.01564139686524868 53399
1742294044332 0.00031348117045126855 53449
1742294053791 0.002400519559159875 53499
1742294063229 0.040787894278764725 53549
1742294072662 0.001822025515139103 53599
1742294082107 0.0007091843290254474 53649
1742294091573 0.001542030368000269 53699
1742294100977 0.0265548937022686 53749
1742294133689 0.005486690439283848 53799
1742294143080 0.0005022702971473336 53849
1742294152495 0.013619674369692802 53899
1742294161888 0.0034190767910331488 53949
1742294171314 0.04345669224858284 53999
1742294180726 0.000701095093972981 54049
1742294190136 0.0031725256703794003 54099
1742294199550 0.0048829433508217335 54149
1742294208952 0.0001399145257892087 54199
1742294218425 0.0031869153026491404 54249
1742294227883 0.00039386749267578125 54299
1742294237306 0.0006105683278292418 54349
1742294246749 0.000751886167563498 54399
1742294256212 0.0027395759243518114 54449
1742294265628 0.0007508047274313867 54499
1742294275085 0.002874627010896802 54549
1742294284520 0.021495606750249863 54599
1742294293986 0.0020914312917739153 54649
1742294303454 0.044716257601976395 54699
1742294312944 0.06628553569316864 54749
1742294322383 0.0012663330417126417 54799
1742294331817 0.001719696563668549 54849
1742294341249 0.020175544545054436 54899
1742294350686 0.0025277931708842516 54949
1742294360071 0.002013132907450199 54999
1742294392902 0.00010064569505630061 55049
1742294402381 0.002829998265951872 55099
1742294411760 0.000612435454968363 55149
1742294421146 0.012923503294587135 55199
1742294430548 0.00038009672425687313 55249
1742294439930 0.0006032410310581326 55299
1742294449318 0.00014112371718510985 55349
1742294458695 0.0017430692678317428 55399
1742294468093 0.00015379760588984936 55449
1742294477497 0.003979377448558807 55499
1742294486895 6.860779103590176e-05 55549
1742294496313 0.010636036284267902 55599
1742294505733 0.0022429893724620342 55649
1742294515120 0.09626559913158417 55699
1742294524536 0.0008967692847363651 55749
1742294533970 0.024323852732777596 55799
1742294543385 0.0001372110564261675 55849
1742294552814 1.1429868209233973e-05 55899
1742294562195 0.0015488994540646672 55949
1742294571615 0.004999503958970308 55999
1742294581025 0.020860016345977783 56049
1742294590475 0.033092644065618515 56099
1742294599893 0.02550444006919861 56149
1742294609345 0.0004960265941917896 56199
1742294618778 0.0009687576675787568 56249
1742294652938 0.005969129037111998 56299
1742294662315 2.5511868443572894e-05 56349
1742294671686 0.0631934180855751 56399
1742294681095 0.003605497535318136 56449
1742294690507 0.02920609712600708 56499
1742294699906 0.00048714695731177926 56549
1742294709314 0.0016068125842139125 56599
1742294718726 0.0008541923598386347 56649
1742294728126 0.03771482780575752 56699
1742294737521 0.00242094905115664 56749
1742294746909 0.0003522226179484278 56799
1742294756299 0.01307379174977541 56849
1742294765692 0.0017766448436304927 56899
1742294775158 0.005995673593133688 56949
1742294784597 0.00023937922378536314 56999
1742294793990 0.00022202491527423263 57049
1742294803415 0.015264498069882393 57099
1742294812842 0.0009526803623884916 57149
1742294822267 0.01548301987349987 57199
1742294831681 0.003999697044491768 57249
1742294841102 0.053165502846241 57299
1742294850555 0.0020700031891465187 57349
1742294859990 0.00011542101856321096 57399
1742294869446 0.001605974044650793 57449
1742294878847 0.0009233320015482605 57499
1742294912383 0.0011669063242152333 57549
1742294921771 2.3916227291920222e-05 57599
1742294931175 0.00013977814523968846 57649
1742294940551 0.009155468083918095 57699
1742294949968 0.000123196528875269 57749
1742294959365 0.0005127486074343324 57799
1742294968748 0.00025138340424746275 57849
1742294978176 0.0008324665832333267 57899
1742294987572 0.00013484252849593759 57949
1742294996954 0.00015692457964178175 57999
1742295006358 0.015191474929451942 58049
1742295015767 0.006126207299530506 58099
1742295025170 0.012090804055333138 58149
1742295034593 0.001098895794712007 58199
1742295044017 0.0003240147780161351 58249
1742295053456 0.008797140792012215 58299
1742295062887 0.002556829247623682 58349
1742295072267 0.012582339346408844 58399
1742295081690 0.0015229996060952544 58449
1742295091109 0.001018084934912622 58499
1742295100531 0.0305772814899683 58549
1742295109951 0.00011394817556720227 58599
1742295119374 0.014980022795498371 58649
1742295128823 0.0007226537563838065 58699
1742295138225 0.007315823342651129 58749
1742295171307 0.0014044097624719143 58799
1742295180675 0.00024368282174691558 58849
1742295190054 0.03467457368969917 58899
1742295199455 0.0002293746074428782 58949
1742295208831 9.940116797224618e-06 58999
1742295218213 0.0002014765632338822 59049
1742295227627 0.003122142981737852 59099
1742295237004 0.0003006734186783433 59149
1742295246393 0.0020655286498367786 59199
1742295255787 0.00027492493973113596 59249
1742295265176 0.002896062796935439 59299
1742295274582 8.819077265798114e-06 59349
1742295283996 0.0009052451932802796 59399
1742295293384 0.0012304224073886871 59449
1742295302835 0.014515306800603867 59499
1742295312279 0.04952594265341759 59549
1742295321749 0.02526688203215599 59599
1742295331188 0.0007181580294854939 59649
1742295340624 0.0026586721651256084 59699
1742295350037 0.028283722698688507 59749
1742295359463 0.01660463586449623 59799
1742295368925 0.0006108565139584243 59849
1742295378455 0.00033921480644494295 59899
1742295387917 0.0017639705911278725 59949
1742295397335 0.0044221049174666405 59999
1742295431053 2.9943386834929697e-05 60049
1742295440424 5.834518015035428e-05 60099
1742295449827 0.0061583975329995155 60149
1742295459198 1.1218604413443245e-05 60199
1742295468611 0.0007006742525845766 60249
1742295477971 0.0007877275929786265 60299
1742295487372 0.03688327223062515 60349
1742295496815 0.007409381214529276 60399
1742295506175 0.03420073539018631 60449
1742295515552 0.003911945968866348 60499
1742295524981 0.00046238431241363287 60549
1742295534377 0.0005473332130350173 60599
1742295543782 0.00017478347581345588 60649
1742295553193 0.0005110621568746865 60699
1742295562646 0.0033201323822140694 60749
1742295572045 0.0002331679716007784 60799
1742295581455 0.001571514643728733 60849
1742295590879 0.00469215027987957 60899
1742295600294 2.5605761038605124e-05 60949
1742295609722 0.0018024534219875932 60999
1742295619149 0.00019869023526553065 61049
1742295628567 0.0011578451376408339 61099
1742295637997 0.00022933703439775854 61149
1742295647419 0.0008945887093432248 61199
1742295656833 3.856327020912431e-05 61249
1742295689564 0.0002941096608992666 61299
1742295698937 0.0004767016798723489 61349
1742295708329 0.0030937320552766323 61399
1742295717732 0.025583403185009956 61449
1742295727121 0.0008325702510774136 61499
1742295736536 0.0002069060574285686 61549
1742295745926 0.00024074307293631136 61599
1742295755350 0.04727688059210777 61649
1742295764727 0.00409765774384141 61699
1742295774115 0.00023667686036787927 61749
1742295783511 0.00034745762241072953 61799
1742295792960 0.0010039103217422962 61849
1742295802331 0.008738054893910885 61899
1742295811728 0.0008487299783155322 61949
1742295821131 0.00015759290545247495 61999
1742295830504 0.00019909118418581784 62049
1742295839916 0.00584500003606081 62099
1742295849341 0.001086405711248517 62149
1742295858753 0.0003498273727018386 62199
1742295868151 0.00097516062669456 62249
1742295877577 0.0006435055402107537 62299
1742295887007 0.0020452605094760656 62349
1742295896424 0.0011965276207774878 62399
1742295905861 0.023194637149572372 62449
1742295915242 8.428072760580108e-05 62499
