1742283216358 259.47216796875 1249
1742283478492 261.9947814941406 2499
1742283738316 259.8681335449219 3749
1742284000377 262.0722351074219 4999
1742284260313 260.727294921875 6249
1742284520375 260.0315246582031 7499
1742284780748 260.3592834472656 8749
1742285039480 258.7547607421875 9999
1742285299102 259.6240234375 11249
1742285559988 260.0738830566406 12499
1742285819083 259.98162841796875 13749
1742286078215 259.0410461425781 14999
1742286337590 259.3312072753906 16249
1742286597425 259.85662841796875 17499
1742286857223 259.0311584472656 18749
1742287116641 260.1706237792969 19999
1742287375954 259.360595703125 21249
1742287634315 258.375244140625 22499
1742287892878 258.54473876953125 23749
1742288152746 259.0842590332031 24999
1742288412119 260.1705627441406 26249
1742288670956 258.7975158691406 27499
1742288930818 259.9313659667969 28749
1742289190156 259.2846984863281 29999
1742289450348 259.3973388671875 31249
1742289710554 260.21710205078125 32499
1742289971176 260.6255187988281 33749
1742290230428 260.04742431640625 34999
1742290489295 258.8727111816406 36249
1742290748716 259.41754150390625 37499
1742291007972 259.28106689453125 38749
1742291267750 258.91717529296875 39999
1742291527877 260.1460266113281 41249
1742291787997 260.8967590332031 42499
1742292047474 258.709228515625 43749
1742292307809 261.1053466796875 44999
1742292566955 259.1524963378906 46249
1742292827006 260.11517333984375 47499
1742293086610 259.53070068359375 48749
1742293346264 259.70257568359375 49999
1742293606217 259.10797119140625 51249
1742293864675 259.2638244628906 52499
1742294123561 258.8759765625 53749
1742294382725 259.1534118652344 54999
1742294642870 259.3494567871094 56249
1742294902276 260.1889953613281 57499
1742295161173 258.9002380371094 58749
1742295420958 259.01129150390625 59999
1742295679459 259.33026123046875 61249
1742295937842 258.3017883300781 62499
