1742283216358 0.8062044382095337 1249
1742283478492 0.9262098670005798 2499
1742283738316 0.9486823081970215 3749
1742284000377 0.9584463834762573 4999
1742284260313 0.9669357538223267 6249
1742284520375 0.9702357053756714 7499
1742284780748 0.9752067923545837 8749
1742285039480 0.9770746827125549 9999
1742285299102 0.9794467687606812 11249
1742285559988 0.98204505443573 12499
1742285819083 0.9833754301071167 13749
1742286078215 0.9843375086784363 14999
1742286337590 0.9854709506034851 16249
1742286597425 0.987363338470459 17499
1742286857223 0.9874270558357239 18749
1742287116641 0.9891095161437988 19999
1742287375954 0.9891193509101868 21249
1742287634315 0.9895604848861694 22499
1742287892878 0.9893754720687866 23749
1742288152746 0.9902490377426147 24999
1742288412119 0.9915076494216919 26249
1742288670956 0.9911502599716187 27499
1742288930818 0.9920923709869385 28749
1742289190156 0.991557240486145 29999
1742289450348 0.9937660694122314 31249
1742289710554 0.9927166700363159 32499
1742289971176 0.9938728213310242 33749
1742290230428 0.9935758113861084 34999
1742290489295 0.9933645129203796 36249
1742290748716 0.9944407939910889 37499
1742291007972 0.9946324825286865 38749
1742291267750 0.9955640435218811 39999
1742291527877 0.9941976070404053 41249
1742291787997 0.9953823089599609 42499
1742292047474 0.9954457879066467 43749
1742292307809 0.9955303072929382 44999
1742292566955 0.9951751828193665 46249
1742292827006 0.9957209229469299 47499
1742293086610 0.9962304830551147 48749
1742293346264 0.9953472018241882 49999
1742293606217 0.9965469241142273 51249
1742293864675 0.9958727359771729 52499
1742294123561 0.995955228805542 53749
1742294382725 0.9965842366218567 54999
1742294642870 0.9964801073074341 56249
1742294902276 0.9966559410095215 57499
1742295161173 0.9968130588531494 58749
1742295420958 0.9970104694366455 59999
1742295679459 0.9968662858009338 61249
1742295937842 0.9974327087402344 62499
