1742271108114 0.0 49
1742271117744 0.0 99
1742271127048 0.0 149
1742271136367 0.0 199
1742271145693 0.0 249
1742271155064 0.0 299
1742271164435 0.0 349
1742271173788 0.0 399
1742271183195 0.0 449
1742271192606 0.0 499
1742271201996 0.0 549
1742271211372 0.0 599
1742271220825 0.0 649
1742271230250 0.0 699
1742271239679 0.0 749
1742271249116 0.0 799
1742271258544 0.0 849
1742271267996 0.0 899
1742271277479 0.0 949
1742271286909 0.0 999
1742271296321 0.0 1049
1742271305760 0.0 1099
1742271315210 0.0 1149
1742271324638 0.0 1199
1742271334060 0.0 1249
1742271357539 0.0 1249
