1742271108114 0.9567447304725647 49
1742271117744 0.8582762479782104 99
1742271127048 0.955425500869751 149
1742271136367 0.6271629929542542 199
1742271145693 0.4939660429954529 249
1742271155064 0.6814897656440735 299
1742271164435 0.4154371917247772 349
1742271173788 0.5278273820877075 399
1742271183195 0.6759648323059082 449
1742271192606 0.31250303983688354 499
1742271201996 0.5928072929382324 549
1742271211372 0.5712987184524536 599
1742271220825 0.3716100752353668 649
1742271230250 0.2717161178588867 699
1742271239679 0.3369385898113251 749
1742271249116 0.3521147668361664 799
1742271258544 0.20794707536697388 849
1742271267996 0.24245332181453705 899
1742271277479 0.27469468116760254 949
1742271286909 0.1920178383588791 999
1742271296321 0.15152426064014435 1049
1742271305760 0.25807881355285645 1099
1742271315210 0.22793470323085785 1149
1742271324638 0.33095526695251465 1199
1742271334060 0.1340314745903015 1249
