1742236700420 0.0 49
1742236709985 0.0 99
1742236719354 0.0 149
1742236728708 0.0 199
1742236738127 0.0 249
1742236747488 0.0 299
1742236756862 0.0 349
1742236766266 0.0 399
1742236775674 0.0 449
1742236785039 0.0 499
1742236794487 0.0 549
1742236803913 0.0 599
1742236813347 0.0 649
1742236822804 0.0 699
1742236832282 0.0 749
1742236841723 0.0 799
1742236851187 0.0 849
1742236860673 0.0 899
1742236870166 0.0 949
1742236879659 0.0 999
1742236889148 0.0 1049
1742236898631 0.0 1099
1742236908118 0.0 1149
1742236917634 0.0 1199
1742236927071 0.0 1249
1742236950502 0.0 1249
1742236952020 0.0 1249
1742236962210 1.0 1299
1742236971650 1.0 1349
1742236981117 1.0 1399
1742236990604 1.0 1449
1742237000062 1.0 1499
1742237009541 1.0 1549
1742237019026 1.0 1599
1742237028503 1.0 1649
1742237037958 1.0 1699
1742237047399 1.0 1749
1742237056881 1.0 1799
1742237066347 1.0 1849
1742237075818 1.0 1899
1742237085284 1.0 1949
1742237094758 1.0 1999
1742237104263 1.0 2049
1742237113723 1.0 2099
1742237123216 1.0 2149
1742237132695 1.0 2199
1742237142170 1.0 2249
1742237151689 1.0 2299
1742237161183 1.0 2349
1742237170722 1.0 2399
1742237180186 1.0 2449
1742237189618 1.0 2499
1742237211707 1.0 2499
1742237213295 1.0 2499
1742237223431 2.0 2549
1742237232907 2.0 2599
1742237242363 2.0 2649
1742237251833 2.0 2699
1742237261303 2.0 2749
1742237270752 2.0 2799
1742237280217 2.0 2849
1742237289653 2.0 2899
1742237299105 2.0 2949
1742237308566 2.0 2999
1742237318023 2.0 3049
1742237327486 2.0 3099
1742237336962 2.0 3149
1742237346427 2.0 3199
1742237355903 2.0 3249
1742237365373 2.0 3299
1742237374819 2.0 3349
1742237384345 2.0 3399
1742237393825 2.0 3449
1742237403297 2.0 3499
1742237412770 2.0 3549
1742237422267 2.0 3599
1742237431785 2.0 3649
1742237441257 2.0 3699
1742237450719 2.0 3749
1742237472099 2.0 3749
1742237473708 2.0 3749
1742237483840 3.0 3799
1742237493288 3.0 3849
1742237502747 3.0 3899
1742237512186 3.0 3949
1742237521670 3.0 3999
1742237531101 3.0 4049
1742237540488 3.0 4099
1742237549956 3.0 4149
1742237559394 3.0 4199
1742237568843 3.0 4249
1742237578307 3.0 4299
1742237587733 3.0 4349
1742237597155 3.0 4399
1742237606610 3.0 4449
1742237616068 3.0 4499
1742237625521 3.0 4549
1742237634974 3.0 4599
1742237644476 3.0 4649
1742237653945 3.0 4699
1742237663399 3.0 4749
1742237672863 3.0 4799
1742237682381 3.0 4849
1742237691863 3.0 4899
1742237701353 3.0 4949
1742237710839 3.0 4999
1742237733814 3.0 4999
1742237734588 3.0 4999
1742237744721 4.0 5049
1742237754167 4.0 5099
1742237763592 4.0 5149
1742237773011 4.0 5199
1742237782463 4.0 5249
1742237791889 4.0 5299
1742237801330 4.0 5349
1742237810780 4.0 5399
1742237820291 4.0 5449
1742237829780 4.0 5499
1742237839261 4.0 5549
1742237848739 4.0 5599
1742237858271 4.0 5649
1742237867742 4.0 5699
1742237877218 4.0 5749
1742237886725 4.0 5799
