1742236700420 0.8560035228729248 49
1742236709985 0.8072905540466309 99
1742236719354 0.7901909351348877 149
1742236728708 0.7272834181785583 199
1742236738127 0.7893091440200806 249
1742236747488 0.9553855061531067 299
1742236756862 0.5173975229263306 349
1742236766266 0.4673127830028534 399
1742236775674 0.4247179627418518 449
1742236785039 0.5854927897453308 499
1742236794487 0.2950983941555023 549
1742236803913 0.723963737487793 599
1742236813347 0.5181153416633606 649
1742236822804 0.3650297522544861 699
1742236832282 0.5101154446601868 749
1742236841723 0.2806510031223297 799
1742236851187 0.39749374985694885 849
1742236860673 0.37579870223999023 899
1742236870166 0.2185806930065155 949
1742236879659 0.281681627035141 999
1742236889148 0.2813636064529419 1049
1742236898631 0.17426170408725739 1099
1742236908118 0.5026585459709167 1149
1742236917634 0.2796446979045868 1199
1742236927071 0.20213757455348969 1249
1742236962210 0.25595247745513916 1299
1742236971650 0.25055262446403503 1349
1742236981117 0.3136885166168213 1399
1742236990604 0.09474145621061325 1449
1742237000062 0.31984466314315796 1499
1742237009541 0.12042483687400818 1549
1742237019026 0.34038224816322327 1599
1742237028503 0.14687244594097137 1649
1742237037958 0.26654285192489624 1699
1742237047399 0.17929156124591827 1749
1742237056881 0.2558123767375946 1799
1742237066347 0.21741996705532074 1849
1742237075818 0.11936234682798386 1899
1742237085284 0.07942815124988556 1949
1742237094758 0.1385861039161682 1999
1742237104263 0.2990398705005646 2049
1742237113723 0.1636906862258911 2099
1742237123216 0.11927036941051483 2149
1742237132695 0.12652240693569183 2199
1742237142170 0.20966733992099762 2249
1742237151689 0.060262467712163925 2299
1742237161183 0.2799319624900818 2349
1742237170722 0.04057261720299721 2399
1742237180186 0.06339142471551895 2449
1742237189618 0.06669162958860397 2499
1742237223431 0.1463053822517395 2549
1742237232907 0.21959179639816284 2599
1742237242363 0.06197110936045647 2649
1742237251833 0.15453815460205078 2699
1742237261303 0.17599481344223022 2749
1742237270752 0.14287333190441132 2799
1742237280217 0.13006287813186646 2849
1742237289653 0.0894680991768837 2899
1742237299105 0.10241576284170151 2949
1742237308566 0.09203504025936127 2999
1742237318023 0.30118614435195923 3049
1742237327486 0.031388361006975174 3099
1742237336962 0.036211539059877396 3149
1742237346427 0.15927059948444366 3199
1742237355903 0.05035895109176636 3249
1742237365373 0.05114090070128441 3299
1742237374819 0.06866296380758286 3349
1742237384345 0.124738410115242 3399
1742237393825 0.21275904774665833 3449
1742237403297 0.16740745306015015 3499
1742237412770 0.1377837061882019 3549
1742237422267 0.04906480759382248 3599
1742237431785 0.1203865259885788 3649
1742237441257 0.11465248465538025 3699
1742237450719 0.042470782995224 3749
1742237483840 0.059506066143512726 3799
1742237493288 0.060940712690353394 3849
1742237502747 0.134609192609787 3899
1742237512186 0.08959952741861343 3949
1742237521670 0.0722217857837677 3999
1742237531101 0.12719951570034027 4049
1742237540488 0.05466810241341591 4099
1742237549956 0.04068116843700409 4149
1742237559394 0.08736501634120941 4199
1742237568843 0.055003583431243896 4249
1742237578307 0.04870973899960518 4299
1742237587733 0.35103949904441833 4349
1742237597155 0.04806050658226013 4399
1742237606610 0.007887289859354496 4449
1742237616068 0.11903844773769379 4499
1742237625521 0.04738425463438034 4549
1742237634974 0.17039772868156433 4599
1742237644476 0.17983238399028778 4649
1742237653945 0.09513936936855316 4699
1742237663399 0.2526322305202484 4749
1742237672863 0.03795032948255539 4799
1742237682381 0.05612892657518387 4849
1742237691863 0.24548594653606415 4899
1742237701353 0.10538972169160843 4949
1742237710839 0.03038937598466873 4999
1742237744721 0.03748253732919693 5049
1742237754167 0.10488636791706085 5099
1742237763592 0.08088527619838715 5149
1742237773011 0.05074775218963623 5199
1742237782463 0.041556503623723984 5249
1742237791889 0.11449248343706131 5299
1742237801330 0.13869856297969818 5349
1742237810780 0.13260558247566223 5399
1742237820291 0.04788771644234657 5449
1742237829780 0.06983885914087296 5499
1742237839261 0.03205832839012146 5549
1742237848739 0.1250905692577362 5599
1742237858271 0.10933112353086472 5649
1742237867742 0.05681817606091499 5699
1742237877218 0.10708869248628616 5749
1742237886725 0.02557469718158245 5799
