1742236700420 0.5048500299453735 49
1742236709985 0.699158251285553 99
1742236719354 0.6955467462539673 149
1742236728708 0.7154321074485779 199
1742236738127 0.6917107701301575 249
1742236747488 0.6444003582000732 299
1742236756862 0.7888888716697693 349
1742236766266 0.8253968358039856 399
1742236775674 0.8084055185317993 449
1742236785039 0.8888888955116272 499
1742236794487 0.8527777791023254 549
1742236803913 0.8219135999679565 599
1742236813347 0.7907648086547852 649
1742236822804 0.8372054100036621 699
1742236832282 0.7858465909957886 749
1742236841723 0.8924964070320129 799
1742236851187 0.8140873312950134 849
1742236860673 0.834876537322998 899
1742236870166 0.9490287899971008 949
1742236879659 0.9012109041213989 999
1742236889148 0.8571429252624512 1049
1742236898631 0.9314814805984497 1099
1742236908118 0.8758658170700073 1149
1742236917634 0.8720899224281311 1199
1742236927071 0.9467813372612 1249
1742236962210 0.9210678339004517 1299
1742236971650 0.8622710704803467 1349
1742236981117 0.9065255522727966 1399
1742236990604 0.9675925970077515 1449
1742237000062 0.9379630088806152 1499
1742237009541 0.9813519716262817 1549
1742237019026 0.9135802984237671 1599
1742237028503 0.932659924030304 1649
1742237037958 0.9281705617904663 1699
1742237047399 0.9645061492919922 1749
1742237056881 0.8792328238487244 1799
1742237066347 0.9057239294052124 1849
1742237075818 0.95634925365448 1899
1742237085284 0.9777778387069702 1949
1742237094758 0.9497354030609131 1999
1742237104263 0.9236331582069397 2049
1742237113723 0.881172776222229 2099
1742237123216 0.8565656542778015 2149
1742237132695 0.9440035820007324 2199
1742237142170 0.9387566447257996 2249
1742237151689 0.9583333730697632 2299
1742237161183 0.9135802984237671 2349
1742237170722 0.9814814925193787 2399
1742237180186 0.9666666984558105 2449
1742237189618 0.9802469611167908 2499
1742237223431 0.9722222685813904 2549
1742237232907 0.9216049313545227 2599
1742237242363 0.9682539701461792 2649
1742237251833 0.9359788298606873 2699
1742237261303 0.9760416746139526 2749
1742237270752 0.9482323527336121 2799
1742237280217 0.8501683473587036 2849
1742237289653 0.9666666984558105 2899
1742237299105 0.9544159770011902 2949
1742237308566 0.9537037014961243 2999
1742237318023 0.9285634160041809 3049
1742237327486 1.0 3099
1742237336962 1.0 3149
1742237346427 0.9614198207855225 3199
1742237355903 1.0 3249
1742237365373 0.9898990392684937 3299
1742237374819 0.9814814925193787 3349
1742237384345 0.9500000476837158 3399
1742237393825 0.976370096206665 3449
1742237403297 0.9347442984580994 3499
1742237412770 0.9259259104728699 3549
1742237422267 0.9861111640930176 3599
1742237431785 0.9722222685813904 3649
1742237441257 0.9197530746459961 3699
1742237450719 1.0 3749
1742237483840 0.9777778387069702 3799
1742237493288 0.9629629850387573 3849
1742237502747 0.961904764175415 3899
1742237512186 0.9791072607040405 3949
1742237521670 0.9777778387069702 3999
1742237531101 0.9730159044265747 4049
1742237540488 0.9898990392684937 4099
1742237549956 1.0 4149
1742237559394 0.9914530515670776 4199
1742237568843 0.9685184955596924 4249
1742237578307 0.9797980189323425 4299
1742237587733 0.9173681139945984 4349
1742237597155 0.9861111640930176 4399
1742237606610 1.0 4449
1742237616068 0.957575798034668 4499
1742237625521 0.9713804721832275 4549
1742237634974 0.8400673866271973 4599
1742237644476 0.9325757622718811 4649
1742237653945 0.9405162334442139 4699
1742237663399 0.9222222566604614 4749
1742237672863 1.0 4799
1742237682381 0.9777778387069702 4849
1742237691863 0.9606481790542603 4899
1742237701353 0.9814814925193787 4949
1742237710839 1.0 4999
1742237744721 0.9898990392684937 5049
1742237754167 0.9676767587661743 5099
1742237763592 0.9722222685813904 5149
1742237773011 0.9861111640930176 5199
1742237782463 1.0 5249
1742237791889 0.9629629850387573 5299
1742237801330 0.9654321074485779 5349
1742237810780 0.9528619050979614 5399
1742237820291 0.9898990392684937 5449
1742237829780 0.9761905074119568 5499
1742237839261 0.9898990392684937 5549
1742237848739 0.9543209671974182 5599
1742237858271 0.9750000238418579 5649
1742237867742 0.9732142686843872 5699
1742237877218 0.96419757604599 5749
1742237886725 1.0 5799
