1742213060939 0.0 49
1742213070288 0.0 99
1742213079646 0.0 149
1742213089039 0.0 199
1742213098452 0.0 249
1742213107849 0.0 299
1742213117273 0.0 349
1742213126700 0.0 399
1742213136126 0.0 449
1742213145565 0.0 499
1742213154994 0.0 549
1742213164429 0.0 599
1742213173886 0.0 649
1742213183369 0.0 699
1742213192839 0.0 749
1742213202307 0.0 799
1742213211788 0.0 849
1742213221294 0.0 899
1742213230771 0.0 949
1742213240299 0.0 999
1742213249820 0.0 1049
1742213259337 0.0 1099
1742213283130 0.0 1111
1742213284643 0.0 1111
