1742213060939 0.636174201965332 49
1742213070288 0.6821022629737854 99
1742213079646 0.6653274297714233 149
1742213089039 0.6481962203979492 199
1742213098452 0.7818813323974609 249
1742213107849 0.7920634746551514 299
1742213117273 0.651830792427063 349
1742213126700 0.7596726417541504 399
1742213136126 0.738648533821106 449
1742213145565 0.9422123432159424 499
1742213154994 0.8492514491081238 549
1742213164429 0.7291666865348816 599
1742213173886 0.8066468238830566 649
1742213183369 0.8458581566810608 699
1742213192839 0.8163743019104004 749
1742213202307 0.8895201683044434 799
1742213211788 0.920535683631897 849
1742213221294 0.8958333134651184 899
1742213230771 0.8600063323974609 949
1742213240299 0.9333332777023315 999
1742213249820 0.8828282952308655 1049
1742213259337 0.8765151500701904 1099
