1742213060939 1.0118966102600098 49
1742213070288 1.029926061630249 99
1742213079646 0.8686999082565308 149
1742213089039 0.6897149085998535 199
1742213098452 0.5933524370193481 249
1742213107849 0.7082991003990173 299
1742213117273 0.5074706673622131 349
1742213126700 0.39314892888069153 399
1742213136126 0.4274422228336334 449
1742213145565 0.24903707206249237 499
1742213154994 0.35436534881591797 549
1742213164429 0.4674764573574066 599
1742213173886 0.3192293047904968 649
1742213183369 0.1945132613182068 699
1742213192839 0.32441508769989014 749
1742213202307 0.21386070549488068 799
1742213211788 0.26597002148628235 849
1742213221294 0.20473989844322205 899
1742213230771 0.24586309492588043 949
1742213240299 0.2980577349662781 999
1742213249820 0.32362455129623413 1049
1742213259337 0.2833784222602844 1099
