1742268808974 0.0 49
1742268818291 0.0 99
1742268827622 0.0 149
1742268836969 0.0 199
1742268846323 0.0 249
1742268855703 0.0 299
1742268865075 0.0 349
1742268874470 0.0 399
1742268883866 0.0 449
1742268893271 0.0 499
1742268902697 0.0 549
1742268912166 0.0 599
1742268921578 0.0 649
1742268930988 0.0 699
1742268940470 0.0 749
1742268949967 0.0 799
1742268959377 0.0 849
1742268968845 0.0 899
1742268978287 0.0 949
1742268987748 0.0 999
1742268997213 0.0 1049
1742269006699 0.0 1099
1742269016145 0.0 1149
1742269025584 0.0 1199
1742269035045 0.0 1249
1742269058984 0.0 1249
