1742268808974 0.8098021149635315 49
1742268818291 1.0050671100616455 99
1742268827622 0.7905974984169006 149
1742268836969 0.8187545537948608 199
1742268846323 0.7504136562347412 249
1742268855703 0.46824657917022705 299
1742268865075 0.5952888131141663 349
1742268874470 0.5501608848571777 399
1742268883866 0.4204822778701782 449
1742268893271 0.7213203310966492 499
1742268902697 0.6382728815078735 549
1742268912166 0.3281596302986145 599
1742268921578 0.2712560296058655 649
1742268930988 0.574610710144043 699
1742268940470 0.49071747064590454 749
1742268949967 0.2683393657207489 799
1742268959377 0.49592792987823486 849
1742268968845 0.3396635353565216 899
1742268978287 0.616862416267395 949
1742268987748 0.18281406164169312 999
1742268997213 0.2429099977016449 1049
1742269006699 0.43620553612709045 1099
1742269016145 0.2838880717754364 1149
1742269025584 0.3048938810825348 1199
1742269035045 0.1460498720407486 1249
