1742271878535 0.0 49
1742271888121 0.0 99
1742271897443 0.0 149
1742271906739 0.0 199
1742271916073 0.0 249
1742271925427 0.0 299
1742271934817 0.0 349
1742271944196 0.0 399
1742271953586 0.0 449
1742271962996 0.0 499
1742271972409 0.0 549
1742271981818 0.0 599
1742271991210 0.0 649
1742272000603 0.0 699
1742272009996 0.0 749
1742272019383 0.0 799
1742272028832 0.0 849
1742272038308 0.0 899
1742272047721 0.0 949
1742272057165 0.0 999
1742272066598 0.0 1049
1742272076032 0.0 1099
1742272085483 0.0 1149
1742272094911 0.0 1199
1742272104339 0.0 1249
1742272127569 0.0 1249
1742272129185 0.0 1249
1742272139330 1.0 1299
1742272148675 1.0 1349
1742272158080 1.0 1399
1742272167461 1.0 1449
1742272176856 1.0 1499
1742272186273 1.0 1549
1742272195699 1.0 1599
1742272205103 1.0 1649
1742272214503 1.0 1699
1742272223927 1.0 1749
1742272233347 1.0 1799
1742272242767 1.0 1849
1742272252170 1.0 1899
1742272261578 1.0 1949
1742272271005 1.0 1999
1742272280442 1.0 2049
1742272289853 1.0 2099
1742272299304 1.0 2149
1742272308735 1.0 2199
1742272318201 1.0 2249
1742272327656 1.0 2299
1742272337087 1.0 2349
1742272346532 1.0 2399
1742272356010 1.0 2449
1742272365448 1.0 2499
1742272387612 1.0 2499
1742272389338 1.0 2499
1742272399433 2.0 2549
1742272408823 2.0 2599
1742272418204 2.0 2649
1742272427587 2.0 2699
1742272436994 2.0 2749
1742272446429 2.0 2799
1742272455848 2.0 2849
1742272465304 2.0 2899
1742272474725 2.0 2949
1742272484180 2.0 2999
1742272493625 2.0 3049
1742272503062 2.0 3099
1742272512519 2.0 3149
1742272521954 2.0 3199
1742272531411 2.0 3249
1742272540844 2.0 3299
1742272550285 2.0 3349
1742272559718 2.0 3399
1742272569155 2.0 3449
1742272578616 2.0 3499
1742272588057 2.0 3549
1742272597531 2.0 3599
1742272606979 2.0 3649
1742272616405 2.0 3699
1742272625849 2.0 3749
1742272648758 2.0 3749
1742272649724 2.0 3749
1742272659886 3.0 3799
1742272669256 3.0 3849
1742272678648 3.0 3899
1742272688086 3.0 3949
1742272697501 3.0 3999
1742272707038 3.0 4049
1742272716443 3.0 4099
1742272725871 3.0 4149
1742272735290 3.0 4199
1742272744701 3.0 4249
1742272754148 3.0 4299
1742272763573 3.0 4349
1742272772998 3.0 4399
1742272782415 3.0 4449
1742272791872 3.0 4499
1742272801328 3.0 4549
1742272810782 3.0 4599
1742272820233 3.0 4649
1742272829641 3.0 4699
1742272839096 3.0 4749
1742272848575 3.0 4799
1742272858012 3.0 4849
1742272867444 3.0 4899
1742272876922 3.0 4949
1742272886356 3.0 4999
1742272908426 3.0 4999
1742272910139 3.0 4999
1742272920288 4.0 5049
1742272929727 4.0 5099
1742272939135 4.0 5149
1742272948530 4.0 5199
1742272957942 4.0 5249
1742272967385 4.0 5299
1742272976830 4.0 5349
1742272986291 4.0 5399
1742272995714 4.0 5449
1742273005148 4.0 5499
1742273014549 4.0 5549
1742273024000 4.0 5599
1742273033397 4.0 5649
1742273042852 4.0 5699
1742273052330 4.0 5749
1742273061767 4.0 5799
1742273071208 4.0 5849
1742273080667 4.0 5899
1742273090088 4.0 5949
1742273099520 4.0 5999
1742273108973 4.0 6049
1742273118419 4.0 6099
1742273127885 4.0 6149
1742273137342 4.0 6199
1742273146779 4.0 6249
1742273168609 4.0 6249
1742273169471 4.0 6249
1742273179583 5.0 6299
1742273189009 5.0 6349
1742273198434 5.0 6399
1742273207840 5.0 6449
1742273217249 5.0 6499
1742273226698 5.0 6549
1742273236114 5.0 6599
1742273245533 5.0 6649
1742273254969 5.0 6699
1742273264400 5.0 6749
1742273273834 5.0 6799
1742273283259 5.0 6849
1742273292680 5.0 6899
1742273302101 5.0 6949
1742273311534 5.0 6999
1742273320991 5.0 7049
1742273330426 5.0 7099
1742273339886 5.0 7149
1742273349351 5.0 7199
1742273358813 5.0 7249
1742273368292 5.0 7299
1742273377757 5.0 7349
1742273387197 5.0 7399
1742273396662 5.0 7449
1742273406097 5.0 7499
1742273428076 5.0 7499
1742273428979 5.0 7499
1742273439127 6.0 7549
1742273448541 6.0 7599
1742273457962 6.0 7649
1742273467381 6.0 7699
1742273476808 6.0 7749
1742273486242 6.0 7799
1742273495689 6.0 7849
1742273505089 6.0 7899
1742273514533 6.0 7949
1742273523999 6.0 7999
1742273533454 6.0 8049
1742273542943 6.0 8099
1742273552390 6.0 8149
1742273561819 6.0 8199
1742273571255 6.0 8249
1742273580701 6.0 8299
1742273590144 6.0 8349
1742273599591 6.0 8399
1742273609058 6.0 8449
1742273618518 6.0 8499
1742273627940 6.0 8549
1742273637392 6.0 8599
1742273646848 6.0 8649
1742273656275 6.0 8699
1742273665694 6.0 8749
1742273687880 6.0 8749
1742273688745 6.0 8749
1742273698860 7.0 8799
1742273708263 7.0 8849
1742273717673 7.0 8899
1742273727074 7.0 8949
1742273736493 7.0 8999
1742273745918 7.0 9049
1742273755328 7.0 9099
1742273764738 7.0 9149
1742273774122 7.0 9199
1742273783552 7.0 9249
1742273793008 7.0 9299
1742273802437 7.0 9349
1742273811840 7.0 9399
1742273821282 7.0 9449
1742273830739 7.0 9499
1742273840184 7.0 9549
1742273849635 7.0 9599
1742273859114 7.0 9649
1742273868583 7.0 9699
1742273878041 7.0 9749
1742273887479 7.0 9799
1742273896921 7.0 9849
1742273906410 7.0 9899
1742273915861 7.0 9949
1742273925304 7.0 9999
1742273946693 7.0 9999
1742273947597 7.0 9999
1742273957729 8.0 10049
1742273967153 8.0 10099
1742273976650 8.0 10149
1742273986068 8.0 10199
1742273995484 8.0 10249
1742274004894 8.0 10299
1742274014291 8.0 10349
1742274023684 8.0 10399
1742274033118 8.0 10449
1742274042543 8.0 10499
1742274051965 8.0 10549
1742274061390 8.0 10599
1742274070830 8.0 10649
1742274080253 8.0 10699
1742274089671 8.0 10749
1742274099116 8.0 10799
1742274108555 8.0 10849
1742274117980 8.0 10899
1742274127403 8.0 10949
1742274136846 8.0 10999
1742274146298 8.0 11049
1742274155729 8.0 11099
1742274165141 8.0 11149
1742274174624 8.0 11199
1742274184044 8.0 11249
1742274207095 8.0 11249
1742274207989 8.0 11249
1742275092523 9.0 11250
