1742271878535 1.0416030883789062 49
1742271888121 0.9612219929695129 99
1742271897443 0.8426859378814697 149
1742271906739 0.7110818028450012 199
1742271916073 0.9000596404075623 249
1742271925427 0.3677237033843994 299
1742271934817 0.5185059309005737 349
1742271944196 0.6232876181602478 399
1742271953586 0.47427278757095337 449
1742271962996 1.0516670942306519 499
1742271972409 0.5628837943077087 549
1742271981818 0.6698036789894104 599
1742271991210 0.4090231955051422 649
1742272000603 0.30320286750793457 699
1742272009996 0.5340709686279297 749
1742272019383 0.32601597905158997 799
1742272028832 0.41356247663497925 849
1742272038308 0.3905894458293915 899
1742272047721 0.14309100806713104 949
1742272057165 0.5035775899887085 999
1742272066598 0.22909541428089142 1049
1742272076032 0.3886253833770752 1099
1742272085483 0.27635735273361206 1149
1742272094911 0.25941407680511475 1199
1742272104339 0.3591034710407257 1249
1742272139330 0.2466602772474289 1299
1742272148675 0.2800268828868866 1349
1742272158080 0.2898341417312622 1399
1742272167461 0.18146827816963196 1449
1742272176856 0.19418704509735107 1499
1742272186273 0.3519563674926758 1549
1742272195699 0.2496546506881714 1599
1742272205103 0.060573890805244446 1649
1742272214503 0.208094522356987 1699
1742272223927 0.2491093873977661 1749
1742272233347 0.16180777549743652 1799
1742272242767 0.13660310208797455 1849
1742272252170 0.0876355692744255 1899
1742272261578 0.23930516839027405 1949
1742272271005 0.1647433042526245 1999
1742272280442 0.12568901479244232 2049
1742272289853 0.12996317446231842 2099
1742272299304 0.06675488501787186 2149
1742272308735 0.1820612996816635 2199
1742272318201 0.3740611672401428 2249
1742272327656 0.10927470028400421 2299
1742272337087 0.17255717515945435 2349
1742272346532 0.09070412814617157 2399
1742272356010 0.20740903913974762 2449
1742272365448 0.23524369299411774 2499
1742272399433 0.17070206999778748 2549
1742272408823 0.11304256319999695 2599
1742272418204 0.05635042116045952 2649
1742272427587 0.09370962530374527 2699
1742272436994 0.11378443986177444 2749
1742272446429 0.145138680934906 2799
1742272455848 0.21863354742527008 2849
1742272465304 0.09386451542377472 2899
1742272474725 0.08823736011981964 2949
1742272484180 0.131142258644104 2999
1742272493625 0.07097151130437851 3049
1742272503062 0.047170490026474 3099
1742272512519 0.054740194231271744 3149
1742272521954 0.07428958266973495 3199
1742272531411 0.111289381980896 3249
1742272540844 0.11441247910261154 3299
1742272550285 0.17506925761699677 3349
1742272559718 0.20481643080711365 3399
1742272569155 0.29820045828819275 3449
1742272578616 0.32339373230934143 3499
1742272588057 0.18756911158561707 3549
1742272597531 0.10106593370437622 3599
1742272606979 0.18728086352348328 3649
1742272616405 0.1207672730088234 3699
1742272625849 0.08780689537525177 3749
1742272659886 0.07900648564100266 3799
1742272669256 0.18570566177368164 3849
1742272678648 0.09078709781169891 3899
1742272688086 0.13584573566913605 3949
1742272697501 0.10644076764583588 3999
1742272707038 0.25837066769599915 4049
1742272716443 0.03191408887505531 4099
1742272725871 0.29659920930862427 4149
1742272735290 0.18413297832012177 4199
1742272744701 0.1293693482875824 4249
1742272754148 0.08858200162649155 4299
1742272763573 0.07896044850349426 4349
1742272772998 0.15448544919490814 4399
1742272782415 0.12395410984754562 4449
1742272791872 0.037575505673885345 4499
1742272801328 0.11487650871276855 4549
1742272810782 0.10276961326599121 4599
1742272820233 0.03414975851774216 4649
1742272829641 0.05667392909526825 4699
1742272839096 0.147822305560112 4749
1742272848575 0.280055433511734 4799
1742272858012 0.06106503680348396 4849
1742272867444 0.03526969254016876 4899
1742272876922 0.05657705292105675 4949
1742272886356 0.057124748826026917 4999
1742272920288 0.027017414569854736 5049
1742272929727 0.23711349070072174 5099
1742272939135 0.11415037512779236 5149
1742272948530 0.0273225586861372 5199
1742272957942 0.09175651520490646 5249
1742272967385 0.20834417641162872 5299
1742272976830 0.09078019857406616 5349
1742272986291 0.05514167249202728 5399
1742272995714 0.05999083071947098 5449
1742273005148 0.04174593836069107 5499
1742273014549 0.08336637914180756 5549
1742273024000 0.2051478922367096 5599
1742273033397 0.09634649753570557 5649
1742273042852 0.1323395073413849 5699
1742273052330 0.13626615703105927 5749
1742273061767 0.07714543491601944 5799
1742273071208 0.03634483367204666 5849
1742273080667 0.03251564875245094 5899
1742273090088 0.04360363259911537 5949
1742273099520 0.023444196209311485 5999
1742273108973 0.08335509896278381 6049
1742273118419 0.11983203142881393 6099
1742273127885 0.0360635481774807 6149
1742273137342 0.1920827180147171 6199
1742273146779 0.05700695887207985 6249
1742273179583 0.08019300550222397 6299
1742273189009 0.0604853592813015 6349
1742273198434 0.09025748074054718 6399
1742273207840 0.0541873462498188 6449
1742273217249 0.11266428232192993 6499
1742273226698 0.08670305460691452 6549
1742273236114 0.06890633702278137 6599
1742273245533 0.07918336987495422 6649
1742273254969 0.005944462027400732 6699
1742273264400 0.19040846824645996 6749
1742273273834 0.06551259756088257 6799
1742273283259 0.03314724937081337 6849
1742273292680 0.024666152894496918 6899
1742273302101 0.04760945215821266 6949
1742273311534 0.029801761731505394 6999
1742273320991 0.0058604213409125805 7049
1742273330426 0.07504113018512726 7099
1742273339886 0.0386417917907238 7149
1742273349351 0.05874241888523102 7199
1742273358813 0.018551349639892578 7249
1742273368292 0.17933526635169983 7299
1742273377757 0.11582942306995392 7349
1742273387197 0.09621576219797134 7399
1742273396662 0.16091464459896088 7449
1742273406097 0.1944611668586731 7499
1742273439127 0.08194135129451752 7549
1742273448541 0.025389552116394043 7599
1742273457962 0.05176563560962677 7649
1742273467381 0.023128557950258255 7699
1742273476808 0.025361355394124985 7749
1742273486242 0.10171142965555191 7799
1742273495689 0.04628920927643776 7849
1742273505089 0.1387307345867157 7899
1742273514533 0.04803330451250076 7949
1742273523999 0.055216383188962936 7999
1742273533454 0.04420468956232071 8049
1742273542943 0.11533310264348984 8099
1742273552390 0.027900049462914467 8149
1742273561819 0.03134831041097641 8199
1742273571255 0.07952775061130524 8249
1742273580701 0.03670550882816315 8299
1742273590144 0.07282566279172897 8349
1742273599591 0.013212304562330246 8399
1742273609058 0.00941530242562294 8449
1742273618518 0.022220514714717865 8499
1742273627940 0.05430234223604202 8549
1742273637392 0.017587989568710327 8599
1742273646848 0.032265257090330124 8649
1742273656275 0.06247047707438469 8699
1742273665694 0.04048261046409607 8749
1742273698860 0.023767273873090744 8799
1742273708263 0.02859523333609104 8849
1742273717673 0.07683824002742767 8899
1742273727074 0.010519546456634998 8949
1742273736493 0.07447289675474167 8999
1742273745918 0.04001804068684578 9049
1742273755328 0.09331459552049637 9099
1742273764738 0.042129840701818466 9149
1742273774122 0.02376622147858143 9199
1742273783552 0.01917799562215805 9249
1742273793008 0.006170986220240593 9299
1742273802437 0.11701363325119019 9349
1742273811840 0.0064108180813491344 9399
1742273821282 0.00894994754344225 9449
1742273830739 0.01191380899399519 9499
1742273840184 0.039066191762685776 9549
1742273849635 0.014086390845477581 9599
1742273859114 0.12211338430643082 9649
1742273868583 0.05908228084445 9699
1742273878041 0.09712324291467667 9749
1742273887479 0.030086340382695198 9799
1742273896921 0.05066896602511406 9849
1742273906410 0.012846176512539387 9899
1742273915861 0.13785164058208466 9949
1742273925304 0.005477871745824814 9999
1742273957729 0.28702399134635925 10049
1742273967153 0.050649430602788925 10099
1742273976650 0.027528654783964157 10149
1742273986068 0.013908608816564083 10199
1742273995484 0.0029540432151407003 10249
1742274004894 0.02230852097272873 10299
1742274014291 0.011972351931035519 10349
1742274023684 0.09310434758663177 10399
1742274033118 0.037112195044755936 10449
1742274042543 0.16208389401435852 10499
1742274051965 0.040187444537878036 10549
1742274061390 0.05890744924545288 10599
1742274070830 0.08195807039737701 10649
1742274080253 0.03140728175640106 10699
1742274089671 0.10078570246696472 10749
1742274099116 0.10397997498512268 10799
1742274108555 0.028214046731591225 10849
1742274117980 0.12620626389980316 10899
1742274127403 0.024076079949736595 10949
1742274136846 0.06583505123853683 10999
1742274146298 0.02500588446855545 11049
1742274155729 0.014951876364648342 11099
1742274165141 0.01862909272313118 11149
1742274174624 0.023310169577598572 11199
1742274184044 0.11912314593791962 11249
