1742275745840 0.0 49
1742275755157 0.0 99
1742275764502 0.0 149
1742275773851 0.0 199
1742275783217 0.0 249
1742275792562 0.0 299
1742275801947 0.0 349
1742275811303 0.0 399
1742275820674 0.0 449
1742275830068 0.0 499
1742275839462 0.0 549
1742275848879 0.0 599
1742275858275 0.0 649
1742275867691 0.0 699
1742275877083 0.0 749
1742275886508 0.0 799
1742275895946 0.0 849
1742275905363 0.0 899
1742275914758 0.0 949
1742275924183 0.0 999
1742275933627 0.0 1049
1742275943084 0.0 1099
1742275952552 0.0 1149
1742275961997 0.0 1199
1742275971413 0.0 1249
1742275994850 0.0 1249
1742275996485 0.0 1249
1742276006418 1.0 1299
1742276015802 1.0 1349
1742276025208 1.0 1399
1742276034574 1.0 1449
1742276043987 1.0 1499
1742276053415 1.0 1549
1742276062832 1.0 1599
1742276072236 1.0 1649
1742276081632 1.0 1699
1742276091008 1.0 1749
1742276100413 1.0 1799
1742276109830 1.0 1849
1742276119266 1.0 1899
1742276128677 1.0 1949
1742276138067 1.0 1999
1742276147491 1.0 2049
1742276156885 1.0 2099
1742276166322 1.0 2149
1742276175765 1.0 2199
1742276185186 1.0 2249
1742276194609 1.0 2299
1742276204049 1.0 2349
1742276213502 1.0 2399
1742276222946 1.0 2449
1742276232355 1.0 2499
1742276254614 1.0 2499
1742276256379 1.0 2499
1742276266417 2.0 2549
1742276275800 2.0 2599
1742276285211 2.0 2649
1742276294598 2.0 2699
1742276304006 2.0 2749
1742276313415 2.0 2799
1742276322831 2.0 2849
1742276332241 2.0 2899
1742276341628 2.0 2949
1742276351045 2.0 2999
1742276360481 2.0 3049
1742276369899 2.0 3099
1742276379299 2.0 3149
1742276388724 2.0 3199
1742276398168 2.0 3249
1742276407588 2.0 3299
1742276417023 2.0 3349
1742276426432 2.0 3399
1742276435859 2.0 3449
1742276445284 2.0 3499
1742276454752 2.0 3549
1742276464155 2.0 3599
1742276473590 2.0 3649
1742276483051 2.0 3699
1742276492427 2.0 3749
1742276515102 2.0 3749
1742276516819 2.0 3749
1742276526840 3.0 3799
1742276536246 3.0 3849
1742276545644 3.0 3899
1742276555053 3.0 3949
1742276564430 3.0 3999
1742276573814 3.0 4049
1742276583221 3.0 4099
1742276592632 3.0 4149
1742276602004 3.0 4199
1742276611387 3.0 4249
1742276620789 3.0 4299
1742276630204 3.0 4349
1742276639593 3.0 4399
1742276648986 3.0 4449
1742276658404 3.0 4499
1742276667833 3.0 4549
1742276677251 3.0 4599
1742276686698 3.0 4649
1742276696155 3.0 4699
1742276705571 3.0 4749
1742276715000 3.0 4799
1742276724433 3.0 4849
1742276733874 3.0 4899
1742276743595 3.0 4949
1742276753010 3.0 4999
1742276775381 3.0 4999
1742276776234 3.0 4999
1742276786243 4.0 5049
1742276795617 4.0 5099
1742276804968 4.0 5149
1742276814352 4.0 5199
1742276823751 4.0 5249
1742276833153 4.0 5299
1742276842569 4.0 5349
1742276851971 4.0 5399
1742276861388 4.0 5449
1742276870776 4.0 5499
1742276880196 4.0 5549
1742276889597 4.0 5599
1742276899039 4.0 5649
1742276908437 4.0 5699
1742276917849 4.0 5749
1742276927255 4.0 5799
1742276936667 4.0 5849
1742276946101 4.0 5899
1742276955539 4.0 5949
1742276964985 4.0 5999
1742276974426 4.0 6049
1742276983893 4.0 6099
1742276993318 4.0 6149
1742277002769 4.0 6199
1742277012193 4.0 6249
1742277033861 4.0 6249
1742277034790 4.0 6249
1742278037239 5.0 6250
