1742275745840 1.0061196088790894 49
1742275755157 0.94879150390625 99
1742275764502 0.7955100536346436 149
1742275773851 1.079322338104248 199
1742275783217 0.5453714728355408 249
1742275792562 0.6551018357276917 299
1742275801947 0.5510311126708984 349
1742275811303 0.5982449650764465 399
1742275820674 0.4958082437515259 449
1742275830068 0.6379759907722473 499
1742275839462 0.5857536792755127 549
1742275848879 0.5184430480003357 599
1742275858275 0.3178133964538574 649
1742275867691 0.42963212728500366 699
1742275877083 0.27216240763664246 749
1742275886508 0.24549345672130585 799
1742275895946 0.21323786675930023 849
1742275905363 0.659831702709198 899
1742275914758 0.2777690291404724 949
1742275924183 0.25614628195762634 999
1742275933627 0.2715292274951935 1049
1742275943084 0.4212886691093445 1099
1742275952552 0.2837507724761963 1149
1742275961997 0.21016839146614075 1199
1742275971413 0.20358286798000336 1249
1742276006418 0.22544357180595398 1299
1742276015802 0.18841436505317688 1349
1742276025208 0.20688578486442566 1399
1742276034574 0.31386375427246094 1449
1742276043987 0.41372668743133545 1499
1742276053415 0.3527034521102905 1549
1742276062832 0.26120421290397644 1599
1742276072236 0.1709679812192917 1649
1742276081632 0.4293464422225952 1699
1742276091008 0.1878548264503479 1749
1742276100413 0.1449720412492752 1799
1742276109830 0.19479632377624512 1849
1742276119266 0.0745023563504219 1899
1742276128677 0.10330291837453842 1949
1742276138067 0.17790094017982483 1999
1742276147491 0.16203652322292328 2049
1742276156885 0.0953345000743866 2099
1742276166322 0.13051064312458038 2149
1742276175765 0.25537002086639404 2199
1742276185186 0.07950789481401443 2249
1742276194609 0.06430689990520477 2299
1742276204049 0.12924794852733612 2349
1742276213502 0.16195650398731232 2399
1742276222946 0.13284912705421448 2449
1742276232355 0.22307154536247253 2499
1742276266417 0.04204897582530975 2549
1742276275800 0.1808662712574005 2599
1742276285211 0.0968000665307045 2649
1742276294598 0.048237066715955734 2699
1742276304006 0.1170598715543747 2749
1742276313415 0.12049267441034317 2799
1742276322831 0.17041359841823578 2849
1742276332241 0.11483260244131088 2899
1742276341628 0.10691101849079132 2949
1742276351045 0.0410628616809845 2999
1742276360481 0.06302274763584137 3049
1742276369899 0.200204998254776 3099
1742276379299 0.1861228346824646 3149
1742276388724 0.16350549459457397 3199
1742276398168 0.11339268833398819 3249
1742276407588 0.32100722193717957 3299
1742276417023 0.24169327318668365 3349
1742276426432 0.09870613366365433 3399
1742276435859 0.09150669723749161 3449
1742276445284 0.0727945938706398 3499
1742276454752 0.048903465270996094 3549
1742276464155 0.14820316433906555 3599
1742276473590 0.055986564606428146 3649
1742276483051 0.2192826271057129 3699
1742276492427 0.07467551529407501 3749
1742276526840 0.04389600083231926 3799
1742276536246 0.0423138365149498 3849
1742276545644 0.08157326281070709 3899
1742276555053 0.15874715149402618 3949
1742276564430 0.12082190066576004 3999
1742276573814 0.20984145998954773 4049
1742276583221 0.06885141879320145 4099
1742276592632 0.038324691355228424 4149
1742276602004 0.16908429563045502 4199
1742276611387 0.021877171471714973 4249
1742276620789 0.04777204617857933 4299
1742276630204 0.11095628142356873 4349
1742276639593 0.1276749223470688 4399
1742276648986 0.09470118582248688 4449
1742276658404 0.04246681183576584 4499
1742276667833 0.11053892970085144 4549
1742276677251 0.12599585950374603 4599
1742276686698 0.07742161303758621 4649
1742276696155 0.08395485579967499 4699
1742276705571 0.11472216993570328 4749
1742276715000 0.12512339651584625 4799
1742276724433 0.1663556843996048 4849
1742276733874 0.1754511445760727 4899
1742276743595 0.009080172516405582 4949
1742276753010 0.13781075179576874 4999
1742276786243 0.039584241807460785 5049
1742276795617 0.0585741326212883 5099
1742276804968 0.04654311016201973 5149
1742276814352 0.08031030744314194 5199
1742276823751 0.08058052510023117 5249
1742276833153 0.11728863418102264 5299
1742276842569 0.09425873309373856 5349
1742276851971 0.07691162824630737 5399
1742276861388 0.1189531460404396 5449
1742276870776 0.17053323984146118 5499
1742276880196 0.04796848073601723 5549
1742276889597 0.033843811601400375 5599
1742276899039 0.021371854469180107 5649
1742276908437 0.021437598392367363 5699
1742276917849 0.1038716658949852 5749
1742276927255 0.07394586503505707 5799
1742276936667 0.04966827481985092 5849
1742276946101 0.07162392884492874 5899
1742276955539 0.03086346946656704 5949
1742276964985 0.19452950358390808 5999
1742276974426 0.04656513035297394 6049
1742276983893 0.031599223613739014 6099
1742276993318 0.023379173129796982 6149
1742277002769 0.12874984741210938 6199
1742277012193 0.09205733239650726 6249
